#        weight    minuslogpost           H0_gp       omegam_gp            M_gp            d_gp        sigma_gp   minuslogprior minuslogprior__0            chi2 chi2__panp_gp_RBF chi2__panp_gp_RBF_det
              7       31648.996       72.648694      0.50850693      -19.226867      0.29090947    0.0085362571      0.11310367       0.11310367       63297.766         69584.921            -6287.1549
              2       31647.413       72.648694      0.50850693      -19.226867      0.22263013    0.0050321376      0.11310367       0.11310367       63294.601         69584.921            -6290.3206
              3       30891.213       73.360345      0.39111326      -19.251747      0.22263013    0.0050321376      0.11310367       0.11310367       61782.201         68072.521            -6290.3206
              3       30891.011       73.360345      0.39111326      -19.251747      0.28476552    0.0044786156      0.11310367       0.11310367       61781.797         68072.521            -6290.7245
              3       30891.007       73.360345      0.39111326      -19.251747      0.39012522    0.0045155006      0.11310367       0.11310367       61781.787         68072.521            -6290.7343
             10       30699.413       73.393417      0.33353838      -19.260838      0.39012522    0.0045155006      0.11310367       0.11310367         61398.6         67689.334            -6290.7343
              8       30699.387       73.393417      0.33353838      -19.260838      0.38808957    0.0044299538      0.11310367       0.11310367       61398.547         67689.334            -6290.7869
              8       30699.666       73.393417      0.33353838      -19.260838      0.17272021    0.0051212162      0.11310367       0.11310367       61399.106         67689.334            -6290.2279
             20       30699.996       73.393417      0.33353838      -19.260838      0.17604253    0.0059421598      0.11310367       0.11310367       61399.766         67689.334            -6289.5684
              6       30699.536       73.393417      0.33353838      -19.260838      0.29663214    0.0048418967      0.11310367       0.11310367       61398.846         67689.334            -6290.4881
              6       30698.775       73.393417      0.33353838      -19.260838      0.19885996    0.0015500001      0.11310367       0.11310367       61397.324         67689.334            -6292.0102
              2       30699.285       73.393417      0.33353838      -19.260838      0.52487733    0.0041411561      0.11310367       0.11310367       61398.345         67689.334            -6290.9897
             13        30683.26       73.513616      0.31139265      -19.259193      0.52487733    0.0041411561      0.11310367       0.11310367       61366.294         67657.284            -6290.9897
              4       30643.554       73.198776      0.33790044      -19.256272      0.52487733    0.0041411561      0.11310367       0.11310367       61286.882         67577.871            -6290.9897
              5       30643.473       73.198776      0.33790044      -19.256272      0.56126764    0.0038539826      0.11310367       0.11310367       61286.719         67577.871            -6291.1523
              1       30644.153       73.198776      0.33790044      -19.256272      0.20764598    0.0057045123      0.11310367       0.11310367       61288.079         67577.871            -6289.7923
             13         30640.8       73.272672      0.35852079      -19.251969      0.20764598    0.0057045123      0.11310367       0.11310367       61281.375         67571.167            -6289.7923
              9       30639.894       73.272672      0.35852079      -19.251969      0.61305742    0.0028879452      0.11310367       0.11310367       61279.562         67571.167            -6291.6049
             13        30639.85       73.272672      0.35852079      -19.251969       0.6056954     0.002657428      0.11310367       0.11310367       61279.474         67571.167            -6291.6931
              3       30639.931       73.272672      0.35852079      -19.251969      0.60827129    0.0030659977      0.11310367       0.11310367       61279.636         67571.167            -6291.5313
             16       30631.902       73.672127      0.35519314      -19.235626      0.60827129    0.0030659977      0.11310367       0.11310367       61263.577         67555.109            -6291.5313
              6       30631.909       73.672127      0.35519314      -19.235626       0.5141019    0.0030787646      0.11310367       0.11310367       61263.592         67555.109             -6291.517
             10       30631.919       73.672127      0.35519314      -19.235626      0.37676749    0.0030925878      0.11310367       0.11310367       61263.613         67555.109            -6291.4958
              4       30632.353       73.672127      0.35519314      -19.235626      0.50201389    0.0047353168      0.11310367       0.11310367        61264.48         67555.109            -6290.6282
              5       30633.671       73.672127      0.35519314      -19.235626      0.13193892    0.0075084149      0.11310367       0.11310367       61267.116         67555.109            -6287.9926
              3       30631.763       73.672127      0.35519314      -19.235626     0.015505935    0.0021938543      0.11310367       0.11310367       61263.299         67555.109            -6291.8095
              5       30631.608       73.672127      0.35519314      -19.235626     0.062052263    0.0009716336      0.11310367       0.11310367        61262.99         67555.109            -6292.1187
              2       30632.645       73.672127      0.35519314      -19.235626      0.12951666    0.0053218557      0.11310367       0.11310367       61265.063         67555.109            -6290.0455
              9        30607.59       73.807392      0.34901924      -19.239656      0.12951666    0.0053218557      0.11310367       0.11310367       61214.953         67504.999            -6290.0455
              7       30607.655       73.807392      0.34901924      -19.239656      0.12208771    0.0054766434      0.11310367       0.11310367       61215.084         67504.999            -6289.9154
              9       30606.727       73.807392      0.34901924      -19.239656       0.1487033     0.002344391      0.11310367       0.11310367       61213.227         67504.999            -6291.7719
              4       30607.967       73.807392      0.34901924      -19.239656      0.20911756    0.0062929304      0.11310367       0.11310367       61215.708         67504.999            -6289.2905
             13        30606.58       73.807392      0.34901924      -19.239656      0.30591869    0.0013078739      0.11310367       0.11310367       61212.934         67504.999            -6292.0651
              5        30606.54       73.807392      0.34901924      -19.239656      0.33166634   0.00080608865      0.11310367       0.11310367       61212.855         67504.999            -6292.1443
              3       30606.771       73.807392      0.34901924      -19.239656      0.13578124    0.0025751685      0.11310367       0.11310367       61213.315         67504.999            -6291.6838
              6       30606.703       73.807392      0.34901924      -19.239656     0.081601235    0.0021899563      0.11310367       0.11310367        61213.18         67504.999            -6291.8193
              4       30606.678       73.807392      0.34901924      -19.239656     0.079578066    0.0020380944      0.11310367       0.11310367        61213.13         67504.999             -6291.869
             10       30606.682       73.807392      0.34901924      -19.239656       0.1320073    0.0020742747      0.11310367       0.11310367       61213.137         67504.999            -6291.8617
