#        weight    minuslogpost           H0_gp       omegam_gp            M_gp            d_gp        sigma_gp   minuslogprior minuslogprior__0            chi2 chi2__panp_gp_RBF chi2__panp_gp_RBF_det
              1        30879.31       75.934441      0.31296701      -19.171797      0.56506535     0.019938159      0.11310367       0.11310367       61758.394          68032.02            -6273.6258
              1        30879.36       75.934441      0.31296701      -19.171797       0.5588862     0.019967512      0.11310367       0.11310367       61758.494          68032.02            -6273.5259
              1       30877.125       75.934441      0.31296701      -19.171797      0.54887288     0.016594782      0.11310367       0.11310367       61754.023          68032.02            -6277.9967
              3       30735.109       75.753801      0.32807779      -19.176605      0.54887288     0.016594782      0.11310367       0.11310367       61469.991         67747.988            -6277.9967
              1       30735.037       75.753801      0.32807779      -19.176605      0.52640784     0.016375391      0.11310367       0.11310367       61469.847         67747.988            -6278.1409
              9       30731.313       75.753801      0.32807779      -19.176605      0.56261203     0.010443856      0.11310367       0.11310367       61462.399         67747.988            -6285.5885
              3        30730.47       75.753801      0.32807779      -19.176605      0.14535411     0.008174012      0.11310367       0.11310367       61460.714         67747.988            -6287.2742
              1       30729.261       75.753801      0.32807779      -19.176605     0.071207179    0.0056901295      0.11310367       0.11310367       61458.296         67747.988            -6289.6915
              8       30728.081       75.753801      0.32807779      -19.176605      0.16187945    0.0013594446      0.11310367       0.11310367       61455.937         67747.988            -6292.0512
             11       30625.423       75.819881      0.35147397      -19.183846      0.16187945    0.0013594446      0.11310367       0.11310367        61250.62         67542.671            -6292.0512
             14       30625.396       75.819881      0.35147397      -19.183846     0.065541308    0.0010609215      0.11310367       0.11310367       61250.566         67542.671            -6292.1046
              2       30618.703       76.401636      0.32799635      -19.168594     0.065541308    0.0010609215      0.11310367       0.11310367       61237.179         67529.283            -6292.1046
              8       30618.681       76.401636      0.32799635      -19.168594     0.074887908   0.00075194252      0.11310367       0.11310367       61237.135         67529.283            -6292.1485
              2       30618.659       76.401636      0.32799635      -19.168594     0.025003844    8.741376e-05      0.11310367       0.11310367       61237.091         67529.283            -6292.1921
             13       30617.191       76.372959       0.3359358      -19.169016     0.025003844    8.741376e-05      0.11310367       0.11310367       61234.155         67526.347            -6292.1921
             11       30617.343       76.372959       0.3359358      -19.169016      0.27354267    0.0020189921      0.11310367       0.11310367       61234.459         67526.347            -6291.8879
              9       30618.292       76.372959       0.3359358      -19.169016      0.34593278    0.0055632151      0.11310367       0.11310367       61236.358         67526.347             -6289.989
              1       30619.268       76.372959       0.3359358      -19.169016      0.42882589    0.0078781562      0.11310367       0.11310367       61238.309         67526.347            -6288.0381
              8       30619.986       76.372959       0.3359358      -19.169016      0.40518189    0.0092327824      0.11310367       0.11310367       61239.745         67526.347            -6286.6021
             14       30617.619       76.372959       0.3359358      -19.169016      0.56200349    0.0034910079      0.11310367       0.11310367       61235.012         67526.347            -6291.3346
              7       30617.618       76.372959       0.3359358      -19.169016      0.50923281    0.0034700874      0.11310367       0.11310367       61235.009         67526.347            -6291.3378
             13       30617.445       76.372959       0.3359358      -19.169016      0.88293085    0.0027285117      0.11310367       0.11310367       61234.664         67526.347            -6291.6827
             13       30617.399       76.372959       0.3359358      -19.169016       0.9606032    0.0024735418      0.11310367       0.11310367       61234.572         67526.347             -6291.775
              1       30615.605       76.368359      0.33521398       -19.16882       0.9606032    0.0024735418      0.11310367       0.11310367       61230.985          67522.76             -6291.775
              4       30615.421       76.368359      0.33521398       -19.16882      0.93616644   0.00084189551      0.11310367       0.11310367       61230.616          67522.76            -6292.1433
             24       30601.016       76.050502      0.33834374      -19.177521      0.93616644   0.00084189551      0.11310367       0.11310367       61201.806         67493.949            -6292.1433
             12       30601.065       76.050502      0.33834374      -19.177521      0.57860615    0.0014338717      0.11310367       0.11310367       61201.904         67493.949            -6292.0451
             10       30602.822       76.050502      0.33834374      -19.177521      0.68946781    0.0076181515      0.11310367       0.11310367       61205.419         67493.949            -6288.5302
              5       30601.757       76.050502      0.33834374      -19.177521      0.56029356    0.0047093683      0.11310367       0.11310367       61203.288         67493.949            -6290.6607
              8       30603.569       76.050502      0.33834374      -19.177521      0.50862548    0.0089864943      0.11310367       0.11310367       61206.911         67493.949            -6287.0375
              3       30603.446       76.050502      0.33834374      -19.177521      0.50588339    0.0087411068      0.11310367       0.11310367       61206.666         67493.949            -6287.2831
              7       30601.897       76.050502      0.33834374      -19.177521       0.7034114    0.0052094513      0.11310367       0.11310367       61203.568         67493.949            -6290.3805
              1       30601.456       76.050502      0.33834374      -19.177521      0.71397236    0.0036758536      0.11310367       0.11310367       61202.685         67493.949            -6291.2639
             11       30601.651       76.050502      0.33834374      -19.177521      0.78292748    0.0044356168      0.11310367       0.11310367       61203.077         67493.949            -6290.8724
              7       30601.955       76.050502      0.33834374      -19.177521      0.67080234    0.0053687622      0.11310367       0.11310367       61203.685         67493.949            -6290.2643
              9        30601.44       76.050502      0.33834374      -19.177521      0.62684877    0.0035898139      0.11310367       0.11310367       61202.654         67493.949            -6291.2951
              8       30601.094       76.050502      0.33834374      -19.177521       0.8383358    0.0017141147      0.11310367       0.11310367       61201.961         67493.949            -6291.9879
              4       30600.999       76.050502      0.33834374      -19.177521       0.8472591   0.00046462563      0.11310367       0.11310367       61201.771         67493.949            -6292.1775
              5       30601.158       76.050502      0.33834374      -19.177521      0.80287006    0.0021897981      0.11310367       0.11310367        61202.09         67493.949             -6291.859
