#        weight    minuslogpost           H0_gp       omegam_gp            M_gp            d_gp        sigma_gp   minuslogprior minuslogprior__0            chi2 chi2__panp_gp_RBF chi2__panp_gp_RBF_det
              2       30671.807       73.755209      0.35201782      -19.245091        0.344756     0.014916066      0.11310367       0.11310367       61343.389         67622.334            -6278.9457
              4        30666.18       73.755209      0.35201782      -19.245091      0.51142516     0.005379059      0.11310367       0.11310367       61332.135         67622.334            -6290.1999
              4       30666.353       73.755209      0.35201782      -19.245091      0.52875799    0.0058637139      0.11310367       0.11310367        61332.48         67622.334            -6289.8543
              8        30665.41       73.755209      0.35201782      -19.245091      0.50197639    0.0025059172      0.11310367       0.11310367       61330.593         67622.334            -6291.7415
              8       30665.186       73.755209      0.35201782      -19.245091    0.0095820906   0.00022355281      0.11310367       0.11310367       61330.146         67622.334            -6292.1887
             13       30636.037       73.314829      0.35541231      -19.252011    0.0095820906   0.00022355281      0.11310367       0.11310367       61271.847         67564.036            -6292.1887
              2       30636.056       73.314829      0.35541231      -19.252011      0.34712792   0.00075184161      0.11310367       0.11310367       61271.885         67564.036            -6292.1507
              3       30637.047       73.314829      0.35541231      -19.252011      0.34265757    0.0053219077      0.11310367       0.11310367       61273.868         67564.036            -6290.1677
             11       30637.083       73.314829      0.35541231      -19.252011      0.37481675    0.0054404559      0.11310367       0.11310367        61273.94         67564.036            -6290.0959
             17       30637.792       73.314829      0.35541231      -19.252011      0.13541889    0.0068554469      0.11310367       0.11310367       61275.359         67564.036             -6288.677
             14       30636.552       73.314829      0.35541231      -19.252011      0.44621288    0.0038079354      0.11310367       0.11310367       61272.879         67564.036             -6291.157
              4       30636.256       73.314829      0.35541231      -19.252011      0.58405287    0.0024952698      0.11310367       0.11310367       61272.286         67564.036            -6291.7502
              8       30636.271       73.314829      0.35541231      -19.252011      0.58091471    0.0025777636      0.11310367       0.11310367       61272.315         67564.036            -6291.7206
             13       30636.408       73.314829      0.35541231      -19.252011      0.65742313    0.0032743045      0.11310367       0.11310367        61272.59         67564.036            -6291.4454
             21       30636.038       73.314829      0.35541231      -19.252011      0.80758225   0.00031125445      0.11310367       0.11310367        61271.85         67564.036            -6292.1858
             21       30637.045       73.314829      0.35541231      -19.252011      0.90784167    0.0056157154      0.11310367       0.11310367       61273.863         67564.036            -6290.1725
             21       30637.288       73.314829      0.35541231      -19.252011      0.91738902    0.0063228562      0.11310367       0.11310367        61274.35         67564.036             -6289.686
              3       30636.498       73.314829      0.35541231      -19.252011      0.78972586    0.0036880084      0.11310367       0.11310367       61272.769         67564.036            -6291.2669
              6       30637.515       73.314829      0.35541231      -19.252011      0.50494121     0.006631169      0.11310367       0.11310367       61274.803         67564.036            -6289.2324
              9        30637.15       73.314829      0.35541231      -19.252011      0.43048659     0.005657837      0.11310367       0.11310367       61274.075         67564.036             -6289.961
             15       30636.354       73.314829      0.35541231      -19.252011      0.31751332    0.0029431541      0.11310367       0.11310367       61272.482         67564.036             -6291.554
              2       30636.747       73.314829      0.35541231      -19.252011      0.29085959    0.0044141597      0.11310367       0.11310367       61273.268         67564.036            -6290.7675
              9       30636.365       73.314829      0.35541231      -19.252011      0.24117161     0.002973654      0.11310367       0.11310367       61272.505         67564.036             -6291.531
              8       30637.342       73.314829      0.35541231      -19.252011      0.70644184    0.0063432856      0.11310367       0.11310367       61274.458         67564.036            -6289.5778
              3        30636.47       73.314829      0.35541231      -19.252011       0.6180701    0.0035304688      0.11310367       0.11310367       61272.713         67564.036            -6291.3227
              7       30631.468       73.403406      0.35297279       -19.25049       0.6180701    0.0035304688      0.11310367       0.11310367        61262.71         67554.032            -6291.3227
              5       30626.447       73.342841      0.34389452      -19.252327       0.6180701    0.0035304688      0.11310367       0.11310367       61252.668          67543.99            -6291.3227
              8       30626.647       73.342841      0.34389452      -19.252327      0.88627629    0.0043776981      0.11310367       0.11310367       61253.068          67543.99            -6290.9224
              2       30626.606       73.342841      0.34389452      -19.252327      0.59795858    0.0041394633      0.11310367       0.11310367       61252.986          67543.99            -6291.0047
             10       30626.934       73.416549      0.33883093      -19.252982      0.59795858    0.0041394633      0.11310367       0.11310367       61253.642         67544.647            -6291.0047
              5       30629.875       73.416549      0.33883093      -19.252982      0.70575885      0.01115609      0.11310367       0.11310367       61259.525         67544.647            -6285.1218
