#        weight    minuslogpost           H0_gp       omegam_gp            M_gp            d_gp           nu_gp        sigma_gp           zw_gp     sigma_zw_gp   minuslogprior minuslogprior__0            chi2 chi2__panp_gp_sigma2 chi2__panp_gp_sigma2_det
              5       44126.184       72.384253      0.36767628       -19.17122      0.28990992       1.5544046    0.0082370262      0.61777807      0.72521522       1.3941175        1.3941175       88249.579             94536.99               -6287.4107
              1       44125.858       72.384253      0.36767628       -19.17122      0.31231037       1.5852798    0.0076576599      0.70069851      0.43807647       1.3941175        1.3941175       88248.928             94536.99               -6288.0617
              1       37349.728       73.227047      0.38880201      -19.171634      0.31231037       1.5852798    0.0076576599      0.70069851      0.43807647       1.3941175        1.3941175       74696.668             80984.73               -6288.0617
              1         37349.8       73.227047      0.38880201      -19.171634      0.29885838       1.5910599    0.0077873085       0.6479155      0.40474731       1.3941175        1.3941175       74696.812             80984.73               -6287.9182
              3       33592.714       72.721076      0.39399424      -19.210384      0.29885838       1.5910599    0.0077873085       0.6479155      0.40474731       1.3941175        1.3941175        67182.64            73470.558               -6287.9182
              1       33592.578       72.721076      0.39399424      -19.210384      0.34767315       1.5316144    0.0075749787      0.63920689      0.38601893       1.3941175        1.3941175       67182.368            73470.558               -6288.1907
              2       33591.331       72.721076      0.39399424      -19.210384     0.032404081       1.4018389     0.004384688      0.72412454      0.28154142       1.3941175        1.3941175       67179.874            73470.558               -6290.6844
              1       33591.271       72.721076      0.39399424      -19.210384      0.10754862       1.3322549    0.0042542827      0.73290087      0.28365062       1.3941175        1.3941175       67179.753            73470.558               -6290.8049
              1       33591.588       72.721076      0.39399424      -19.210384      0.20698495       1.3939443    0.0052121278      0.70233797      0.44112422       1.3941175        1.3941175       67180.388            73470.558               -6290.1701
              2       33590.582       72.721076      0.39399424      -19.210384      0.32259764        1.484376   0.00035889454      0.77862778       0.3866603       1.3941175        1.3941175       67178.375            73470.558               -6292.1831
              1       33590.577       72.721076      0.39399424      -19.210384       0.3334182       1.4864709   6.0729535e-05      0.72733367      0.36984573       1.3941175        1.3941175       67178.366            73470.558               -6292.1924
              5       31085.571       73.125893      0.41281575      -19.226593       0.3334182       1.4864709   6.0729535e-05      0.72733367      0.36984573       1.3941175        1.3941175       62168.353            68460.546               -6292.1924
              2       30784.034       73.954993      0.37956655      -19.214914       0.3334182       1.4864709   6.0729535e-05      0.72733367      0.36984573       1.3941175        1.3941175       61565.281            67857.473               -6292.1924
              3       30784.062       73.954993      0.37956655      -19.214914       0.2425323       1.2036052   0.00084950129      0.73858815      0.28032079       1.3941175        1.3941175       61565.335            67857.473               -6292.1382
              1       30784.195       73.954993      0.37956655      -19.214914      0.17744273       1.1849888    0.0020505134       0.7133853      0.44749426       1.3941175        1.3941175       61565.601            67857.473               -6291.8722
              1        30736.02       74.398297      0.37317581      -19.223734      0.17744273       1.1849888    0.0020505134       0.7133853      0.44749426       1.3941175        1.3941175       61469.251            67761.123               -6291.8722
              6       30735.909       74.398297      0.37317581      -19.223734      0.26073498       1.0548228    0.0011431121       0.6005853      0.50754644       1.3941175        1.3941175       61469.029            67761.123               -6292.0943
              3       30735.878       74.398297      0.37317581      -19.223734      0.42763183      0.84504716   0.00070969365      0.92520262       0.3243851       1.3941175        1.3941175       61468.968            67761.123               -6292.1554
              7       30626.379         74.0152      0.37017257      -19.223929      0.42763183      0.84504716   0.00070969365      0.92520262       0.3243851       1.3941175        1.3941175        61249.97            67542.126               -6292.1554
              1       30626.475         74.0152      0.37017257      -19.223929      0.26940832      0.94095718     0.001743327      0.72875082      0.29731625       1.3941175        1.3941175       61250.161            67542.126               -6291.9643
              2       30626.473         74.0152      0.37017257      -19.223929      0.28573175       1.0203354    0.0017350173      0.76444364      0.32808297       1.3941175        1.3941175       61250.159            67542.126                -6291.967
              4       30626.477         74.0152      0.37017257      -19.223929      0.42971865       1.0464296    0.0017851809      0.70391091      0.23887838       1.3941175        1.3941175       61250.167            67542.126               -6291.9591
              8       30626.383         74.0152      0.37017257      -19.223929      0.40249336       1.0172833   0.00078349517      0.73884246      0.20013279       1.3941175        1.3941175       61249.978            67542.126               -6292.1474
              5       30626.393         74.0152      0.37017257      -19.223929      0.41964843       1.0220874   0.00094207396       0.7631952       0.2017097       1.3941175        1.3941175       61249.998            67542.126               -6292.1273
              6       30626.572         74.0152      0.37017257      -19.223929      0.49549294       1.0666748    0.0024171113      0.69834797       0.2095728       1.3941175        1.3941175       61250.356            67542.126               -6291.7698
              3       30626.574         74.0152      0.37017257      -19.223929      0.49558561       1.0665198    0.0024273327      0.69844121      0.20950487       1.3941175        1.3941175       61250.359            67542.126               -6291.7663
              2       30626.573         74.0152      0.37017257      -19.223929      0.49879694       1.0661682    0.0024217816      0.69532672      0.20811705       1.3941175        1.3941175       61250.357            67542.126               -6291.7684
              1       30627.133       73.983509      0.36947041      -19.224819      0.49879694       1.0661682    0.0024217816      0.69532672      0.20811705       1.3941175        1.3941175       61251.478            67543.246               -6291.7684
