#        weight    minuslogpost           H0_gp       omegam_gp            M_gp            d_gp           nu_gp        sigma_gp           zw_gp     sigma_zw_gp   minuslogprior minuslogprior__0            chi2 chi2__panp_gp_sigma2 chi2__panp_gp_sigma2_det
              1       32564.117       72.725569      0.35534662      -19.305949      0.61339868        1.942528     0.017871408      0.96220816      0.94657827       1.3941175        1.3941175       65125.445            71401.376               -6275.9314
              5       32564.026       72.725569      0.35534662      -19.305949      0.62204371       1.9325094     0.017781433      0.95652257      0.92486333       1.3941175        1.3941175       65125.264            71401.376               -6276.1121
              7       30786.443       72.139539      0.34833142      -19.291923      0.62204371       1.9325094     0.017781433      0.95652257      0.92486333       1.3941175        1.3941175       61570.098             67846.21               -6276.1121
              1       30782.728       72.139539      0.34833142      -19.291923      0.61540337         1.80662     0.012103278      0.91393843      0.93441772       1.3941175        1.3941175       61562.667             67846.21               -6283.5434
              8       30782.691       72.139539      0.34833142      -19.291923      0.57873188       1.8115131     0.011962377      0.93763103      0.99951248       1.3941175        1.3941175       61562.594             67846.21               -6283.6169
              2       30785.087       72.139539      0.34833142      -19.291923      0.44552964       2.0130408      0.01515022      0.98788917      0.67806825       1.3941175        1.3941175       61567.386             67846.21               -6278.8244
              1       30705.959       72.832775      0.35377065      -19.259701      0.44552964       2.0130408      0.01515022      0.98788917      0.67806825       1.3941175        1.3941175       61409.131            67687.955               -6278.8244
              2       30701.956       72.832775      0.35377065      -19.259701      0.46683593       1.8444233    0.0090105856      0.94104285      0.79227054       1.3941175        1.3941175       61401.124            67687.955               -6286.8311
              3       30702.558       72.832775      0.35377065      -19.259701      0.51693626        1.855209     0.010163003      0.89992569       0.8930396       1.3941175        1.3941175       61402.328            67687.955               -6285.6272
              1        30701.06       72.832775      0.35377065      -19.259701      0.56742868       1.9765907    0.0073298867      0.63337715      0.77032759       1.3941175        1.3941175       61399.331            67687.955               -6288.6242
              6        30699.69       72.832775      0.35377065      -19.259701      0.46469251       1.8779991    0.0033912617      0.70549209       0.9074405       1.3941175        1.3941175       61396.592            67687.955               -6291.3635
              1       30699.945       72.832775      0.35377065      -19.259701      0.48357302        1.821837    0.0043388719      0.74355181      0.87902085       1.3941175        1.3941175       61397.102            67687.955               -6290.8535
              2       30700.032       72.832775      0.35377065      -19.259701      0.59374563       1.6603367     0.004665747      0.45083534      0.98004195       1.3941175        1.3941175       61397.275            67687.955               -6290.6801
              4       30650.513       73.040366      0.34888834      -19.260014      0.59374563       1.6603367     0.004665747      0.45083534      0.98004195       1.3941175        1.3941175       61298.238            67588.918               -6290.6801
              8       30650.448       73.040366      0.34888834      -19.260014      0.60930645        1.668818    0.0044576257      0.43655255      0.99068404       1.3941175        1.3941175       61298.107            67588.918               -6290.8113
              1       30650.648       73.040366      0.34888834      -19.260014      0.38698569       2.2537567    0.0049930609      0.80469469      0.50234045       1.3941175        1.3941175       61298.509            67588.918               -6290.4097
              1       30651.514       73.040366      0.34888834      -19.260014      0.54170652       2.2554309    0.0072584169      0.81847516      0.45730443       1.3941175        1.3941175        61300.24            67588.918               -6288.6786
              1       30650.767       73.040366      0.34888834      -19.260014      0.59423294       2.3527175    0.0054546509      0.56864146      0.38136139       1.3941175        1.3941175       61298.745            67588.918               -6290.1733
              3       30650.769       73.040366      0.34888834      -19.260014      0.59416568       2.3527082    0.0054626191      0.56835511      0.38049256       1.3941175        1.3941175       61298.751            67588.918               -6290.1677
              1       30650.018       73.040366      0.34888834      -19.260014       0.5257373       2.2155486     0.002719418      0.43122563      0.40068438       1.3941175        1.3941175       61297.248            67588.918               -6291.6704
              5       30650.013       73.040366      0.34888834      -19.260014       0.5295875        2.215888    0.0026931041      0.43005445      0.40046889       1.3941175        1.3941175       61297.238            67588.918               -6291.6806
              5       30650.089       73.040366      0.34888834      -19.260014      0.58145681       2.2605493    0.0030763855      0.44380307       0.4469632       1.3941175        1.3941175       61297.389            67588.918               -6291.5292
              2       30650.091       73.040366      0.34888834      -19.260014      0.58156703       2.2623733    0.0030871096       0.4443338      0.44376765       1.3941175        1.3941175       61297.394            67588.918               -6291.5248
              6       30649.947       73.040366      0.34888834      -19.260014      0.59647777       1.9810478    0.0023414663      0.37767218      0.35270428       1.3941175        1.3941175       61297.107            67588.918               -6291.8117
              8       30649.902       73.040366      0.34888834      -19.260014      0.53669651       1.9684384    0.0020259818      0.38106696      0.40583148       1.3941175        1.3941175       61297.016            67588.918               -6291.9029
