#        weight    minuslogpost           H0_gp       omegam_gp            M_gp            d_gp           nu_gp        sigma_gp           zw_gp     sigma_zw_gp   minuslogprior minuslogprior__0            chi2 chi2__panp_gp_sigma2 chi2__panp_gp_sigma2_det
              1       30982.951       73.740653      0.32631106      -19.262087      0.81916994        1.814788     0.012383445      0.59430388      0.42027087       1.3941175        1.3941175       61963.115            68246.898               -6283.7838
              2       30983.132       73.740653      0.32631106      -19.262087      0.55813646       2.2807491     0.012243869      0.38802954      0.56200257       1.3941175        1.3941175       61963.476            68246.898               -6283.4228
              3       30983.044       73.740653      0.32631106      -19.262087      0.51276347        2.263839     0.011984837      0.38864814      0.57217029       1.3941175        1.3941175       61963.299            68246.898               -6283.5996
              4       30736.371       74.584948      0.31694456       -19.23335      0.51276347        2.263839     0.011984837      0.38864814      0.57217029       1.3941175        1.3941175       61469.953            67753.553               -6283.5996
              4       30736.364       74.584948      0.31694456       -19.23335      0.50125566       2.0850851     0.011997142      0.30535845      0.56793014       1.3941175        1.3941175        61469.94            67753.553               -6283.6129
              3       30701.285       76.121275      0.30081093      -19.189246      0.50125566       2.0850851     0.011997142      0.30535845      0.56793014       1.3941175        1.3941175       61399.783            67683.395               -6283.6129
              1       30698.586       76.121275      0.30081093      -19.189246      0.58926107       1.9724273    0.0070285098      0.32533773      0.41330373       1.3941175        1.3941175       61394.385            67683.395               -6289.0108
              2       30698.696       76.121275      0.30081093      -19.189246      0.17057073       1.8223362    0.0069442758      0.27788565      0.36055792       1.3941175        1.3941175       61394.604            67683.395                -6288.791
              3       30697.983       76.121275      0.30081093      -19.189246      0.28086542       1.7696344    0.0053078511      0.29447172      0.38222986       1.3941175        1.3941175       61393.177            67683.395               -6290.2179
              3       30698.028       76.121275      0.30081093      -19.189246      0.30834123       1.7650794    0.0055201572      0.34124376      0.21852258       1.3941175        1.3941175       61393.267            67683.395               -6290.1279
              1       30698.047       76.121275      0.30081093      -19.189246      0.24568609       1.8451869    0.0053491956      0.79692348      0.36565167       1.3941175        1.3941175       61393.306            67683.395               -6290.0891
              6       30698.071       76.121275      0.30081093      -19.189246      0.23431504       1.8298166    0.0054024913      0.79924104       0.3654878       1.3941175        1.3941175       61393.354            67683.395               -6290.0418
              2       30697.686       76.121275      0.30081093      -19.189246       0.2872464       1.7388768    0.0043304006      0.80334003      0.48334994       1.3941175        1.3941175       61392.583            67683.395               -6290.8121
              3       30697.752       76.121275      0.30081093      -19.189246      0.36000212        1.787877    0.0045713078      0.75528044      0.51795956       1.3941175        1.3941175       61392.715            67683.395               -6290.6801
              2        30697.15       76.121275      0.30081093      -19.189246      0.17779032       1.8650408    0.0020114612      0.66489077      0.71792456       1.3941175        1.3941175       61391.511            67683.395               -6291.8844
              1       30697.131       76.121275      0.30081093      -19.189246      0.11664594       1.7576474    0.0018776834      0.61080574       0.6979937       1.3941175        1.3941175       61391.475            67683.395               -6291.9207
             10       30684.809       76.147669      0.30541119      -19.187358      0.11664594       1.7576474    0.0018776834      0.61080574       0.6979937       1.3941175        1.3941175        61366.83             67658.75               -6291.9207
              2       30684.836       76.147669      0.30541119      -19.187358       0.1285701       1.6851547    0.0020594359      0.52063041      0.75705682       1.3941175        1.3941175       61366.884             67658.75               -6291.8668
              1       30684.847       76.147669      0.30541119      -19.187358      0.13646589       1.6761813    0.0021325197      0.50061608      0.74932999       1.3941175        1.3941175       61366.906             67658.75               -6291.8441
              3       30684.796       76.147669      0.30541119      -19.187358      0.28493788       1.5933587    0.0018155236       0.5970903       0.7264918       1.3941175        1.3941175       61366.804             67658.75                -6291.946
