#        weight    minuslogpost           H0_gp       omegam_gp            M_gp            d_gp           nu_gp        sigma_gp           zw_gp     sigma_zw_gp   minuslogprior minuslogprior__0            chi2 chi2__panp_gp_sigma2 chi2__panp_gp_sigma2_det
              4       32107.272       75.337505      0.32367921       -19.16537      0.39204718       2.1550999     0.015966211      0.90678505     0.025300066       1.3941175        1.3941175       64211.755            70489.153               -6277.3985
              3       32104.056       75.337505      0.32367921       -19.16537      0.19088158       2.0395114     0.010911007      0.96948608      0.12384349       1.3941175        1.3941175       64205.323            70489.153               -6283.8305
              1       32105.683       75.337505      0.32367921       -19.16537      0.26395447        1.964239     0.013316674      0.96594894      0.19248178       1.3941175        1.3941175       64208.578            70489.153               -6280.5752
              2       32102.723       75.337505      0.32367921       -19.16537      0.88189282       2.1573628    0.0099850491      0.68536719     0.095008363       1.3941175        1.3941175       64202.658            70489.153               -6286.4958
              3       32102.704       75.337505      0.32367921       -19.16537       0.8718127       2.1734337    0.0099249337       0.6723796      0.13523884       1.3941175        1.3941175       64202.621            70489.153               -6286.5327
              4       32101.047       75.337505      0.32367921       -19.16537         0.87441        2.066541    0.0060553627      0.63487646      0.17777942       1.3941175        1.3941175       64199.306            70489.153               -6289.8476
              3       31323.545       76.555395      0.35192621      -19.181627         0.87441        2.066541    0.0060553627      0.63487646      0.17777942       1.3941175        1.3941175       62644.301            68934.148               -6289.8476
              5       31323.113       76.555395      0.35192621      -19.181627      0.84448507       2.0601868    0.0047336187      0.63630351      0.16034107       1.3941175        1.3941175       62643.438            68934.148               -6290.7108
             13       30702.174       75.952198      0.34347951      -19.186571      0.84448507       2.0601868    0.0047336187      0.63630351      0.16034107       1.3941175        1.3941175        61401.56            67692.271               -6290.7108
              1       30701.989       75.952198      0.34347951      -19.186571      0.88405362       2.1040235    0.0040741837      0.62505043      0.23987641       1.3941175        1.3941175       61401.189            67692.271               -6291.0823
              6       30701.474       75.952198      0.34347951      -19.186571      0.87701266       2.1803074    0.0010865281      0.51530056      0.22248778       1.3941175        1.3941175        61400.16            67692.271               -6292.1115
              2       30701.449       75.952198      0.34347951      -19.186571      0.90514756       2.2102174   0.00068370424      0.55978195      0.18806798       1.3941175        1.3941175       61400.111            67692.271               -6292.1605
              9       30701.444       75.952198      0.34347951      -19.186571      0.81804226       2.0879347   0.00055583767      0.77833802      0.36691157       1.3941175        1.3941175         61400.1            67692.271               -6292.1709
              1       30701.444       75.952198      0.34347951      -19.186571      0.82690384       2.0825048   0.00054736716      0.78253892      0.36991199       1.3941175        1.3941175         61400.1            67692.271               -6292.1715
              7        30637.12       75.729237      0.35699824      -19.175124      0.82690384       2.0825048   0.00054736716      0.78253892      0.36991199       1.3941175        1.3941175       61271.452            67563.624               -6292.1715
              5       30637.473       75.729237      0.35699824      -19.175124      0.79635934        2.040542    0.0032440087      0.80379791      0.41783207       1.3941175        1.3941175       61272.158            67563.624                -6291.466
              2       30637.709       75.729237      0.35699824      -19.175124      0.82153885       2.1200747    0.0042088331      0.82772619      0.43607076       1.3941175        1.3941175       61272.631            67563.624               -6290.9928
              4       30637.599       75.729237      0.35699824      -19.175124      0.98291057       2.1735718    0.0038246432      0.75275914      0.40565495       1.3941175        1.3941175        61272.41            67563.624               -6291.2137
