#        weight    minuslogpost           H0_gp       omegam_gp            M_gp            d_gp           nu_gp        sigma_gp           zw_gp     sigma_zw_gp   minuslogprior minuslogprior__0            chi2 chi2__panp_gp_sigma2 chi2__panp_gp_sigma2_det
              1       38728.412       71.265947      0.31948048      -19.241343      0.68681699       1.5955222    0.0017612724      0.56321995      0.28470868       1.3941175        1.3941175       77454.036             83746.01               -6291.9739
              7       33127.884       72.132287      0.31221831      -19.253189      0.68681699       1.5955222    0.0017612724      0.56321995      0.28470868       1.3941175        1.3941175       66252.979            72544.953               -6291.9739
              1       33128.509       72.132287      0.31221831      -19.253189      0.59335163       1.3857664     0.004605738      0.39118098      0.68591405       1.3941175        1.3941175        66254.23            72544.953               -6290.7228
              2       33128.334       72.132287      0.31221831      -19.253189      0.67657022        1.483162    0.0040588534      0.22663961      0.70291416       1.3941175        1.3941175        66253.88            72544.953                -6291.073
              2       33129.016       72.132287      0.31221831      -19.253189      0.98736417       1.3417112    0.0063315007      0.22157957      0.62432364       1.3941175        1.3941175       66255.244            72544.953               -6289.7094
              3       33129.456       72.132287      0.31221831      -19.253189      0.86985834       1.2724521    0.0076856859      0.10555892       0.4646546       1.3941175        1.3941175       66256.123            72544.953               -6288.8301
              3       33129.032       72.132287      0.31221831      -19.253189       0.8511483       1.3391962    0.0064553285      0.14395471      0.49126283       1.3941175        1.3941175       66255.275            72544.953               -6289.6777
              1       32977.334          72.188      0.31234388      -19.252853       0.8511483       1.3391962    0.0064553285      0.14395471      0.49126283       1.3941175        1.3941175       65951.879            72241.557               -6289.6777
              5       32977.345          72.188      0.31234388      -19.252853      0.82222671        1.306133    0.0063942253      0.21021495      0.47917287       1.3941175        1.3941175       65951.902            72241.557               -6289.6547
              6       32965.351       71.995804      0.30885808      -19.259971      0.82222671        1.306133    0.0063942253      0.21021495      0.47917287       1.3941175        1.3941175       65927.913            72217.568               -6289.6547
              1       32965.295       71.995804      0.30885808      -19.259971       0.8583004       1.2497797    0.0061199517       0.4278384      0.53280867       1.3941175        1.3941175       65927.803            72217.568               -6289.7653
              1       32172.099       72.277517      0.30429723      -19.261123       0.8583004       1.2497797    0.0061199517       0.4278384      0.53280867       1.3941175        1.3941175       64341.409            70631.174               -6289.7653
              2       31825.541        72.27437      0.30456537      -19.265643       0.8583004       1.2497797    0.0061199517       0.4278384      0.53280867       1.3941175        1.3941175       63648.294             69938.06               -6289.7653
              9       30830.509       72.876185      0.31439997      -19.263962       0.8583004       1.2497797    0.0061199517       0.4278384      0.53280867       1.3941175        1.3941175       61658.229            67947.995               -6289.7653
              1       30830.414       72.876185      0.31439997      -19.263962      0.90400331       1.2162278    0.0058633582      0.45556865      0.59673189       1.3941175        1.3941175       61658.039            67947.995               -6289.9556
              2       30728.119       73.381524      0.32732972      -19.247055      0.90400331       1.2162278    0.0058633582      0.45556865      0.59673189       1.3941175        1.3941175        61453.45            67743.406               -6289.9556
              5       30728.891       73.381524      0.32732972      -19.247055      0.61340959       1.1405755    0.0075944507      0.37419649      0.60545976       1.3941175        1.3941175       61454.993            67743.406               -6288.4125
              1        30728.66       73.381524      0.32732972      -19.247055      0.57091436       1.2126155    0.0070524272      0.38658979      0.59655162       1.3941175        1.3941175       61454.531            67743.406               -6288.8746
              1        30728.57       73.381524      0.32732972      -19.247055      0.57078315       1.2122725    0.0068464966       0.3821765       0.6065258       1.3941175        1.3941175       61454.352            67743.406               -6289.0535
              1       30727.561       73.381524      0.32732972      -19.247055      0.43034152       1.2076811    0.0039400339      0.62925137      0.51885292       1.3941175        1.3941175       61452.334            67743.406               -6291.0722
              2       30727.432       73.381524      0.32732972      -19.247055      0.39200648       1.4115845     0.003442233       0.6143968      0.53541136       1.3941175        1.3941175       61452.076            67743.406               -6291.3299
              4       30727.414       73.381524      0.32732972      -19.247055      0.34932084       1.4047722    0.0033582411      0.60034366      0.55512264       1.3941175        1.3941175       61452.041            67743.406               -6291.3653
              5       30727.138       73.381524      0.32732972      -19.247055      0.36784936       1.4016011    0.0019268938      0.58941284      0.57056829       1.3941175        1.3941175       61451.487            67743.406               -6291.9186
              3       30727.185       73.381524      0.32732972      -19.247055      0.52810702       1.5784812    0.0022555114      0.74638277      0.84251771       1.3941175        1.3941175       61451.581            67743.406               -6291.8247
