#        weight    minuslogpost           H0_gp       omegam_gp            M_gp            d_gp           nu_gp        sigma_gp           zw_gp     sigma_zw_gp   minuslogprior minuslogprior__0            chi2 chi2__panp_gp_sigma2 chi2__panp_gp_sigma2_det
              1       32173.314       72.897141      0.34797122      -19.229603      0.60356515       1.8461265    0.0060856017      0.48956128      0.98417862       1.3941175        1.3941175       64343.841            70633.529               -6289.6883
              1       30760.354       72.498397      0.35181478      -19.281795      0.60356515       1.8461265    0.0060856017      0.48956128      0.98417862       1.3941175        1.3941175       61517.921            67807.609               -6289.6883
              2       30759.911       72.498397      0.35181478      -19.281795      0.04515813       2.0416748    0.0045514751      0.47373916      0.90724475       1.3941175        1.3941175       61517.035            67807.609               -6290.5745
              1       30760.202       72.498397      0.35181478      -19.281795     0.045705502       2.0556137    0.0053101616      0.47970736      0.93167932       1.3941175        1.3941175       61517.615            67807.609               -6289.9937
              6       30759.666       72.498397      0.35181478      -19.281795      0.20449422       2.2778744     0.003874105      0.69325229      0.74171852       1.3941175        1.3941175       61516.544            67807.609               -6291.0652
              3       30759.409       72.498397      0.35181478      -19.281795      0.24143268       2.1695305    0.0028634503      0.54014693      0.76992685       1.3941175        1.3941175        61516.03            67807.609               -6291.5787
              9       30759.786       72.498397      0.35181478      -19.281795      0.40915242       2.1447108    0.0043634147      0.58118042      0.78397158       1.3941175        1.3941175       61516.783            67807.609               -6290.8263
              6       30759.167       72.498397      0.35181478      -19.281795     0.038483832       1.9037958    0.0012800979      0.85165408      0.90208469       1.3941175        1.3941175       61515.546            67807.609               -6292.0634
              2       30759.209       72.498397      0.35181478      -19.281795        0.104592       1.8708401    0.0016566374      0.73083783      0.60318212       1.3941175        1.3941175       61515.629            67807.609               -6291.9802
              4       30759.104       72.498397      0.35181478      -19.281795      0.24795898       1.9686555   0.00019420001      0.85903067       0.5485889       1.3941175        1.3941175       61515.419            67807.609               -6292.1898
              1       30759.123       72.498397      0.35181478      -19.281795      0.23893549       1.9765764   0.00073542589      0.86867232      0.55285993       1.3941175        1.3941175       61515.457            67807.609               -6292.1518
              6       30759.106       72.498397      0.35181478      -19.281795      0.21002771        1.969717   0.00029405342      0.85942562      0.63707576       1.3941175        1.3941175       61515.423            67807.609               -6292.1861
              1       30759.117       72.498397      0.35181478      -19.281795      0.20740516       1.9711162   0.00062532768      0.83970746      0.63177826       1.3941175        1.3941175       61515.446            67807.609               -6292.1629
              2       30759.105       72.498397      0.35181478      -19.281795      0.58001604       2.1240438    0.0002935791      0.78704874      0.73078883       1.3941175        1.3941175       61515.423            67807.609               -6292.1864
              2       30759.554       72.498397      0.35181478      -19.281795      0.67455952       2.1276251    0.0036004561      0.90682934      0.49019892       1.3941175        1.3941175       61516.321            67807.609               -6291.2885
              1       30741.849       72.459035      0.34056309      -19.284196      0.67455952       2.1276251    0.0036004561      0.90682934      0.49019892       1.3941175        1.3941175       61480.909            67772.198               -6291.2885
              3       30741.401       72.459035      0.34056309      -19.284196       0.4137513       2.0422283    0.0003411498      0.81460943      0.35254271       1.3941175        1.3941175       61480.014            67772.198               -6292.1841
             14       30741.397       72.459035      0.34056309      -19.284196      0.34406058       2.1707907   4.7150403e-05      0.91971105      0.27509616       1.3941175        1.3941175       61480.005            67772.198               -6292.1925
              3       30741.648       72.459035      0.34056309      -19.284196      0.40801256       2.1814754    0.0026265945      0.91951451      0.15633377       1.3941175        1.3941175       61480.507            67772.198               -6291.6903
              1       30741.419       72.459035      0.34056309      -19.284196      0.56141779       2.2636051   0.00078628886      0.94748781      0.17633248       1.3941175        1.3941175        61480.05            67772.198                -6292.148
              1       30721.324       72.590621      0.32380134      -19.280999      0.56141779       2.2636051   0.00078628886      0.94748781      0.17633248       1.3941175        1.3941175        61439.86            67732.008                -6292.148
              1       30721.794       72.590621      0.32380134      -19.280999      0.41568045       2.4795801    0.0036960744       0.9703542      0.24146107       1.3941175        1.3941175         61440.8            67732.008               -6291.2078
              5       30725.329       72.590621      0.32380134      -19.280999      0.67664348        2.410748     0.011819025      0.64505881      0.66260033       1.3941175        1.3941175        61447.87            67732.008               -6284.1384
