#        weight    minuslogpost           H0_gp       omegam_gp            M_gp            d_gp           nu_gp        sigma_gp           zw_gp     sigma_zw_gp   minuslogprior minuslogprior__0            chi2 chi2__panp_gp_sigma2 chi2__panp_gp_sigma2_det
              3       35154.271       73.426523      0.33932767      -19.310853      0.57099819        1.683453     0.014948557      0.25576929      0.73298056       1.3941175        1.3941175       70305.753              76585.7               -6279.9476
              8       35153.824       73.426523      0.33932767      -19.310853      0.63894863       1.7664303     0.014587613      0.16418806      0.79683971       1.3941175        1.3941175       70304.859              76585.7               -6280.8409
              2       35155.154       73.426523      0.33932767      -19.310853      0.67781897       1.7809705     0.016743521      0.12032273      0.99886441       1.3941175        1.3941175       70307.519              76585.7               -6278.1814
              3        34866.53       73.111725      0.30601734      -19.326144      0.67781897       1.7809705     0.016743521      0.12032273      0.99886441       1.3941175        1.3941175       69730.273            76008.454               -6278.1814
              9        30905.61       72.116263      0.31990298      -19.285085      0.67781897       1.7809705     0.016743521      0.12032273      0.99886441       1.3941175        1.3941175       61808.432            68086.614               -6278.1814
              2       30906.751       72.116263      0.31990298      -19.285085      0.65472387       1.6672194     0.020480241      0.22085758      0.19476936       1.3941175        1.3941175       61810.713            68086.614               -6275.9007
              1       30840.424        71.79021      0.32024648       -19.30526      0.65472387       1.6672194     0.020480241      0.22085758      0.19476936       1.3941175        1.3941175       61678.059             67953.96               -6275.9007
              7       30839.572        71.79021      0.32024648       -19.30526      0.69950428       1.7174633     0.020056832       0.1924065      0.17473512       1.3941175        1.3941175       61676.355             67953.96               -6277.6046
              2       30814.977       72.670643      0.32310065      -19.268576      0.69950428       1.7174633     0.020056832       0.1924065      0.17473512       1.3941175        1.3941175       61627.165             67904.77               -6277.6046
              4       30814.629       72.670643      0.32310065      -19.268576      0.67119507       1.6916764     0.021795282      0.13914318      0.13206747       1.3941175        1.3941175       61626.469             67904.77               -6278.3005
              3       30687.296       74.318811      0.30191175      -19.230585      0.67119507       1.6916764     0.021795282      0.13914318      0.13206747       1.3941175        1.3941175       61371.804            67650.104               -6278.3005
              3       30681.099       74.318811      0.30191175      -19.230585      0.80518201        1.559085    0.0049099515      0.34242753       0.1908028       1.3941175        1.3941175       61359.409            67650.104                -6290.695
              4       30681.607       74.318811      0.30191175      -19.230585      0.83825015       1.6766834    0.0062437167      0.51438299      0.45310302       1.3941175        1.3941175       61360.426            67650.104               -6289.6782
              2       30681.202       74.318811      0.30191175      -19.230585       0.8131607       1.6913786    0.0050609537      0.53035027      0.47646883       1.3941175        1.3941175       61359.616            67650.104               -6290.4884
              9       30681.164       74.318811      0.30191175      -19.230585      0.80144448        1.682024    0.0049366614       0.5319116      0.46199594       1.3941175        1.3941175        61359.54            67650.104               -6290.5647
              6       30681.141       74.318811      0.30191175      -19.230585      0.79974478       1.6862907    0.0048641936      0.52708755      0.46966184       1.3941175        1.3941175       61359.495            67650.104               -6290.6096
              7        30680.49       74.318811      0.30191175      -19.230585      0.48732515       1.5270288    0.0020001769      0.36785318      0.30621643       1.3941175        1.3941175       61358.192            67650.104                -6291.912
              7       30680.421       74.318811      0.30191175      -19.230585      0.39521083       1.5415626    0.0014155396      0.34272645      0.29329743       1.3941175        1.3941175       61358.053            67650.104               -6292.0512
              8       30680.363       74.318811      0.30191175      -19.230585      0.36919645       1.6845474   0.00068376316      0.11274383      0.19984365       1.3941175        1.3941175       61357.938            67650.104               -6292.1669
              1       30680.391       74.318811      0.30191175      -19.230585      0.40313523       1.7167417    0.0011999732      0.11439689      0.21479662       1.3941175        1.3941175       61357.993            67650.104               -6292.1116
