#        weight    minuslogpost           H0_gp       omegam_gp            M_gp            d_gp           nu_gp        sigma_gp           zw_gp     sigma_zw_gp   minuslogprior minuslogprior__0            chi2 chi2__panp_gp_sigma2 chi2__panp_gp_sigma2_det
              1       30996.369       74.262621      0.32484862      -19.212678      0.62388616       2.2715076    0.0019599827      0.53622964      0.56283518       1.3941175        1.3941175       61989.949            68281.868               -6291.9195
             10       30996.475       74.262621      0.32484862      -19.212678      0.65141749       2.2147943    0.0026341654      0.39531089      0.62697245       1.3941175        1.3941175       61990.162            68281.868               -6291.7064
              3       30996.408       74.262621      0.32484862      -19.212678       0.6378795       2.1285895    0.0022283214      0.51313749      0.51720913       1.3941175        1.3941175       61990.027            68281.868               -6291.8414
              1       30996.239       74.262621      0.32484862      -19.212678      0.70693019       2.1441715   0.00045577374      0.52112258      0.55274776       1.3941175        1.3941175       61989.691            68281.868               -6292.1779
              4       30996.232       74.262621      0.32484862      -19.212678       0.6601466       2.1397575   8.5664711e-05      0.52470024      0.60755004       1.3941175        1.3941175       61989.676            68281.868               -6292.1921
             12       30996.232       74.262621      0.32484862      -19.212678      0.65914056       2.1410361   7.5402169e-05      0.52884476      0.60646385       1.3941175        1.3941175       61989.676            68281.868               -6292.1923
              2       30832.052        73.41365      0.37487922      -19.254009      0.65914056       2.1410361   7.5402169e-05      0.52884476      0.60646385       1.3941175        1.3941175       61661.316            67953.508               -6292.1923
              1       30832.066        73.41365      0.37487922      -19.254009      0.68622726       2.1017169   0.00061853608      0.52681813      0.65422561       1.3941175        1.3941175       61661.343            67953.508               -6292.1654
              2       30832.173        73.41365      0.37487922      -19.254009       0.6479888       2.1272946    0.0018472465      0.37647007      0.67556644       1.3941175        1.3941175       61661.557            67953.508               -6291.9515
              1       30832.071        73.41365      0.37487922      -19.254009      0.64201282       2.1318161   0.00072760684      0.36945549      0.70580596       1.3941175        1.3941175       61661.353            67953.508                -6292.155
              6       30755.878       73.957791      0.38632934      -19.215235      0.64201282       2.1318161   0.00072760684      0.36945549      0.70580596       1.3941175        1.3941175       61508.968            67801.123                -6292.155
              3        30755.93       73.957791      0.38632934      -19.215235      0.62440017       2.1375772    0.0014157989      0.31930653      0.56164942       1.3941175        1.3941175       61509.072            67801.123               -6292.0517
              2       30756.234       73.957791      0.38632934      -19.215235      0.55899855       2.1942339    0.0032894143       0.2844622      0.54790282       1.3941175        1.3941175        61509.68            67801.123                -6291.443
              1       30750.209       73.963599      0.38631543      -19.215352      0.55899855       2.1942339    0.0032894143       0.2844622      0.54790282       1.3941175        1.3941175       61497.629            67789.072                -6291.443
              6       30750.244       73.963599      0.38631543      -19.215352      0.32952761       2.0813602    0.0033577747      0.36258801      0.60325049       1.3941175        1.3941175       61497.699            67789.072               -6291.3735
              5       30750.289       73.963599      0.38631543      -19.215352      0.28279304        2.022617     0.003527582      0.26053192       0.8036937       1.3941175        1.3941175       61497.789            67789.072                -6291.283
              3       30750.369       73.963599      0.38631543      -19.215352       0.2908863       2.0115812    0.0038328643      0.27260143      0.80753422       1.3941175        1.3941175       61497.951            67789.072               -6291.1217
              2       30750.154       73.963599      0.38631543      -19.215352      0.22383218       1.9562823    0.0029402266       0.2207941      0.82449732       1.3941175        1.3941175       61497.519            67789.072               -6291.5531
              2       30750.021       73.963599      0.38631543      -19.215352      0.24868986       1.9488384    0.0022484428      0.22475967      0.83060427       1.3941175        1.3941175       61497.254            67789.072               -6291.8189
              4       30749.936       73.963599      0.38631543      -19.215352      0.21849196       1.9798538    0.0016532124      0.23876345      0.87758965       1.3941175        1.3941175       61497.084            67789.072               -6291.9885
