#        weight    minuslogpost           H0_gp       omegam_gp            M_gp            d_gp           nu_gp        sigma_gp           zw_gp     sigma_zw_gp   minuslogprior minuslogprior__0            chi2 chi2__panp_gp_sigma2 chi2__panp_gp_sigma2_det
              2        32747.21       71.601558      0.31927261      -19.271389      0.35904227       2.0822956    0.0040043383      0.15516151      0.70421391       1.3941175        1.3941175       65491.632            71782.698               -6291.0659
              1       32746.683       71.601558      0.31927261      -19.271389      0.32222043       2.0837065    0.0010030696      0.20062583      0.67508057       1.3941175        1.3941175       65490.578            71782.698               -6292.1197
              2       31679.381       73.632834      0.33439582      -19.217152      0.32222043       2.0837065    0.0010030696      0.20062583      0.67508057       1.3941175        1.3941175       63355.974            69648.094               -6292.1197
              4       31679.378       73.632834      0.33439582      -19.217152      0.31281593       2.0928483   0.00096470426      0.16518817      0.62522609       1.3941175        1.3941175       63355.968            69648.094               -6292.1259
              5       31679.346       73.632834      0.33439582      -19.217152      0.27705846       2.0655338   0.00020968794      0.19797344      0.63802939       1.3941175        1.3941175       63355.905            69648.094               -6292.1895
              3        30849.24       73.867028      0.33615735      -19.224913      0.27705846       2.0655338   0.00020968794      0.19797344      0.63802939       1.3941175        1.3941175       61695.692            67987.881               -6292.1895
              2       30849.295       73.867028      0.33615735      -19.224913      0.29835198       2.0038555    0.0012399494       0.2604728      0.58310649       1.3941175        1.3941175       61695.801            67987.881               -6292.0805
              2       30728.669       76.320398      0.32634753       -19.16213      0.29835198       2.0038555    0.0012399494       0.2604728      0.58310649       1.3941175        1.3941175        61454.55            67746.631               -6292.0805
              3        30664.59       76.401097      0.30518614       -19.17694      0.29835198       2.0038555    0.0012399494       0.2604728      0.58310649       1.3941175        1.3941175       61326.392            67618.473               -6292.0805
              2       30664.725       76.401097      0.30518614       -19.17694      0.21272438        1.941227    0.0022499949      0.47146674      0.61109262       1.3941175        1.3941175       61326.661            67618.473               -6291.8119
              1       30664.702       76.401097      0.30518614       -19.17694      0.14631309       1.7965622     0.002101636      0.39500588      0.63789055       1.3941175        1.3941175       61326.616            67618.473               -6291.8569
              3       30664.549       76.401097      0.30518614       -19.17694      0.21539306       1.7628562   0.00061895431      0.41905892      0.58286545       1.3941175        1.3941175       61326.309            67618.473               -6292.1638
              1       30664.554       76.401097      0.30518614       -19.17694     0.062018635       1.8238673   0.00071860887      0.49040533       0.3843049       1.3941175        1.3941175        61326.32            67618.473               -6292.1527
             10       30660.233       76.390149      0.30537132      -19.176448     0.062018635       1.8238673   0.00071860887      0.49040533       0.3843049       1.3941175        1.3941175       61317.678            67609.831               -6292.1527
              1       30660.801       76.390149      0.30537132      -19.176448      0.07297497       1.8026413    0.0039429856      0.33606944      0.42424715       1.3941175        1.3941175       61318.814            67609.831               -6291.0163
              4       30660.898       76.390149      0.30537132      -19.176448     0.054336914       1.8242311    0.0042394915      0.34124299      0.43088031       1.3941175        1.3941175       61319.007            67609.831               -6290.8238
             33       30660.365       76.390149      0.30537132      -19.176448     0.003719861       1.8416158    0.0019473629      0.42569214      0.74789449       1.3941175        1.3941175       61317.941            67609.831               -6291.8895
             12       30660.361       76.390149      0.30537132      -19.176448     0.005278872       1.8417939    0.0019253001      0.42763208      0.74751486       1.3941175        1.3941175       61317.934            67609.831               -6291.8966
              8       30660.359       76.390149      0.30537132      -19.176448     0.021029607       1.8430544    0.0019241927      0.42869006      0.73657978       1.3941175        1.3941175        61317.93            67609.831               -6291.9006
