#        weight    minuslogpost           H0_gp       omegam_gp            M_gp            d_gp           nu_gp        sigma_gp           zw_gp     sigma_zw_gp   minuslogprior minuslogprior__0            chi2 chi2__panp_gp_sigma2 chi2__panp_gp_sigma2_det
              1       48664.351        71.42941      0.31590451      -19.197408       0.7167225       2.1135096     0.015543329      0.35535292      0.46813669       1.3941175        1.3941175       97325.913            103605.93               -6280.0204
              1       48664.059        71.42941      0.31590451      -19.197408      0.65011437       2.1367858     0.014840135      0.34167727      0.50398494       1.3941175        1.3941175       97325.329            103605.93               -6280.6045
              2       47767.858       71.594285      0.31071101      -19.196841      0.65011437       2.1367858     0.014840135      0.34167727      0.50398494       1.3941175        1.3941175       95532.927            101813.53               -6280.6045
              2       47765.656       71.594285      0.31071101      -19.196841      0.52222488       2.2958879     0.013995766      0.23333065     0.043360205       1.3941175        1.3941175       95528.524            101813.53               -6285.0074
              4       31356.042       73.497302      0.32444852      -19.276569      0.52222488       2.2958879     0.013995766      0.23333065     0.043360205       1.3941175        1.3941175       62709.296            68994.303               -6285.0074
              1       31355.258       73.497302      0.32444852      -19.276569      0.45017698       2.4408495     0.010513539      0.31625773     0.052475659       1.3941175        1.3941175       62707.727            68994.303               -6286.5763
              1       31079.389       73.261401      0.32449247      -19.277925      0.45017698       2.4408495     0.010513539      0.31625773     0.052475659       1.3941175        1.3941175       62155.989            68442.565               -6286.5763
             11       30856.247       73.119569      0.31259497      -19.255714      0.45017698       2.4408495     0.010513539      0.31625773     0.052475659       1.3941175        1.3941175       61709.705            67996.282               -6286.5763
              4       30855.401       73.119569      0.31259497      -19.255714      0.59858328       2.3317883    0.0083885142      0.32728368      0.11617173       1.3941175        1.3941175       61708.013            67996.282               -6288.2683
              5       30853.713       73.119569      0.31259497      -19.255714      0.37797001       2.5526751    0.0027607721       0.3909928      0.48140992       1.3941175        1.3941175       61704.638            67996.282               -6291.6431
              2       30853.852       73.119569      0.31259497      -19.255714      0.44022837       2.4552999    0.0034285487      0.33147257      0.46553143       1.3941175        1.3941175       61704.916            67996.282               -6291.3655
              2       30853.648       73.119569      0.31259497      -19.255714      0.39681143       2.3832156    0.0024168775      0.47573358      0.25866527       1.3941175        1.3941175       61704.507            67996.282               -6291.7743
              2       30853.613       73.119569      0.31259497      -19.255714      0.35997351        2.369393    0.0021968485      0.46962247      0.26991851       1.3941175        1.3941175       61704.437            67996.282               -6291.8445
              3       30854.351       73.119569      0.31259497      -19.255714      0.39434858       2.2910811     0.005062805      0.66421276      0.44956761       1.3941175        1.3941175       61705.914            67996.282                -6290.368
              1       30853.992       73.119569      0.31259497      -19.255714      0.61621932       2.3168009    0.0039893174      0.80848195       0.2039271       1.3941175        1.3941175       61705.196            67996.282               -6291.0859
              5       30718.133       73.484511      0.34206707      -19.239684      0.61621932       2.3168009    0.0039893174      0.80848195       0.2039271       1.3941175        1.3941175       61433.479            67724.565               -6291.0859
              2       30717.584       73.484511      0.34206707      -19.239684      0.55674529       2.6535372   0.00033958998       0.6886729      0.14953296       1.3941175        1.3941175        61432.38            67724.565               -6292.1844
              9       30718.261       73.484511      0.34206707      -19.239684      0.61282856       2.7174726     0.004439557      0.78872431      0.31118867       1.3941175        1.3941175       61433.733            67724.565               -6290.8313
              1       30718.092       73.484511      0.34206707      -19.239684      0.64097548        2.751801    0.0038400308      0.81372215      0.27065985       1.3941175        1.3941175       61433.396            67724.565                -6291.169
              1       30651.157        73.20028      0.36447943      -19.250969      0.64097548        2.751801    0.0038400308      0.81372215      0.27065985       1.3941175        1.3941175       61299.525            67590.694                -6291.169
              2       30650.816        73.20028      0.36447943      -19.250969      0.85103203       2.7472425    0.0022234945      0.72609859      0.37364628       1.3941175        1.3941175       61298.844            67590.694               -6291.8499
              4       30651.211        73.20028      0.36447943      -19.250969      0.84693457       2.8332722    0.0041015212      0.72662961      0.43802474       1.3941175        1.3941175       61299.634            67590.694               -6291.0593
              1       30651.022        73.20028      0.36447943      -19.250969       0.4790895       2.9626798    0.0032491189      0.56277013      0.56562912       1.3941175        1.3941175       61299.256            67590.694               -6291.4379
