#        weight    minuslogpost           H0_gp       omegam_gp            M_gp            d_gp           nu_gp        sigma_gp           zw_gp     sigma_zw_gp   minuslogprior minuslogprior__0            chi2 chi2__panp_gp_sigma2 chi2__panp_gp_sigma2_det
              2       38132.491       75.692159      0.35684783      -19.258668      0.37057666       1.7523103    0.0040658951      0.86886759      0.16123856       1.3941175        1.3941175       76262.194             82553.19               -6290.9954
              8       30783.872       75.408946       0.3456374      -19.204962      0.37057666       1.7523103    0.0040658951      0.86886759      0.16123856       1.3941175        1.3941175       61564.956            67855.952               -6290.9954
              1       30664.498       75.067783      0.33630882      -19.195992      0.37057666       1.7523103    0.0040658951      0.86886759      0.16123856       1.3941175        1.3941175       61326.209            67617.204               -6290.9954
              4       30664.075       75.067783      0.33630882      -19.195992      0.59824149        1.723159    0.0022147225      0.88786233       0.1803375       1.3941175        1.3941175       61325.361            67617.204               -6291.8424
             20       30600.407       75.153118      0.33354665      -19.198338      0.59824149        1.723159    0.0022147225      0.88786233       0.1803375       1.3941175        1.3941175       61198.026            67489.868               -6291.8424
              6       30600.271       75.153118      0.33354665      -19.198338      0.44705166       1.8267508    0.0010297725      0.90690164      0.12936762       1.3941175        1.3941175       61197.753            67489.868               -6292.1151
              2       30600.316       75.153118      0.33354665      -19.198338      0.44095168       1.8078833    0.0015212447      0.91276715      0.11771094       1.3941175        1.3941175       61197.845            67489.868               -6292.0236
             10       30600.292       75.153118      0.33354665      -19.198338      0.45746849       1.8052363    0.0012788209      0.91396017     0.099760879       1.3941175        1.3941175       61197.795            67489.868               -6292.0734
              4       30600.248       75.153118      0.33354665      -19.198338      0.41124589       1.6639762   0.00066817127      0.72881985      0.18303605       1.3941175        1.3941175       61197.708            67489.868               -6292.1599
              1       30600.241       75.153118      0.33354665      -19.198338      0.41166474       1.6631615   0.00049990117      0.72750422      0.18471432       1.3941175        1.3941175       61197.694            67489.868               -6292.1743
              1       30600.254       75.153118      0.33354665      -19.198338      0.46687442       1.6450761   0.00078690552      0.71970009      0.19962313       1.3941175        1.3941175       61197.721            67489.868               -6292.1475
              1       30600.261       75.153118      0.33354665      -19.198338      0.49164374       1.7262903   0.00090213066      0.68767015      0.24415478       1.3941175        1.3941175       61197.735            67489.868               -6292.1335
              1       30600.295       75.153118      0.33354665      -19.198338      0.46829363       1.7097486    0.0013235309      0.59503014      0.21920155       1.3941175        1.3941175       61197.802            67489.868                -6292.066
              4       30579.354       75.265571      0.33317377      -19.200704      0.46829363       1.7097486    0.0013235309      0.59503014      0.21920155       1.3941175        1.3941175       61155.919            67447.985                -6292.066
              1       30579.522       75.265571      0.33317377      -19.200704      0.52559539       1.5920389     0.002558097      0.58981188      0.15200004       1.3941175        1.3941175       61156.256            67447.985               -6291.7292
              5       30579.413       75.265571      0.33317377      -19.200704      0.50775564       1.5646094    0.0018542164      0.58928436      0.19104422       1.3941175        1.3941175       61156.039            67447.985               -6291.9463
              2       30579.406       75.265571      0.33317377      -19.200704      0.60752622       1.2224662     0.001803316      0.57180748      0.22610364       1.3941175        1.3941175       61156.024            67447.985               -6291.9614
              1       30579.398       75.265571      0.33317377      -19.200704      0.60746238       1.2218159    0.0017432806      0.57318563      0.21705552       1.3941175        1.3941175       61156.008            67447.985               -6291.9766
             12       30579.373       75.265571      0.33317377      -19.200704      0.59977373       1.2210852    0.0015277506      0.55909617       0.2169705       1.3941175        1.3941175       61155.958            67447.985               -6292.0266
              2        30579.52       75.265571      0.33317377      -19.200704      0.62543105       1.2273089     0.002550131      0.56618419      0.22658122       1.3941175        1.3941175       61156.251            67447.985               -6291.7341
