#        weight    minuslogpost           H0_gp       omegam_gp            M_gp            d_gp           nu_gp        sigma_gp           zw_gp     sigma_zw_gp   minuslogprior minuslogprior__0            chi2 chi2__panp_gp_sigma2 chi2__panp_gp_sigma2_det
              1       34241.248       74.353995      0.31725167      -19.283435       0.3862399       1.3487936     0.015395001      0.94616145       0.8893298       1.3941175        1.3941175       68479.708            74757.561               -6277.8522
              2       33387.684       74.559881      0.31094513      -19.272348       0.3862399       1.3487936     0.015395001      0.94616145       0.8893298       1.3941175        1.3941175        66772.58            73050.432               -6277.8522
              5       32475.873       74.364084      0.31249451      -19.269057       0.3862399       1.3487936     0.015395001      0.94616145       0.8893298       1.3941175        1.3941175       64948.957             71226.81               -6277.8522
              5       32475.691       74.364084      0.31249451      -19.269057      0.39447092       1.3458444     0.015196939      0.94419884      0.88874908       1.3941175        1.3941175       64948.595             71226.81                -6278.215
              1       31920.176       74.265614      0.35943415      -19.253796      0.39447092       1.3458444     0.015196939      0.94419884      0.88874908       1.3941175        1.3941175       63837.564            70115.779                -6278.215
              2       31918.956       74.265614      0.35943415      -19.253796      0.40978767       1.3928576     0.013653973      0.90479685      0.81739898       1.3941175        1.3941175       63835.123            70115.779               -6280.6556
              3       30590.234       74.660619      0.35573318      -19.210745      0.40978767       1.3928576     0.013653973      0.90479685      0.81739898       1.3941175        1.3941175       61177.679            67458.335               -6280.6556
              2        30588.37       74.660619      0.35573318      -19.210745      0.81285341       1.6393176     0.011772313      0.95475847       0.2217565       1.3941175        1.3941175       61173.951            67458.335               -6284.3835
              3       30588.336       74.660619      0.35573318      -19.210745      0.38428049       1.9374142     0.010920257      0.94345007      0.14936056       1.3941175        1.3941175       61173.883            67458.335               -6284.4515
              1        30589.35       74.660619      0.35573318      -19.210745      0.62371421       2.1918058     0.013108191       0.8683496      0.44431275       1.3941175        1.3941175       61175.911            67458.335               -6282.4237
              2       30586.809       74.660619      0.35573318      -19.210745       0.6202259        2.146832    0.0088347733      0.27323653      0.37438496       1.3941175        1.3941175       61170.831            67458.335               -6287.5039
              2       30586.422       74.660619      0.35573318      -19.210745      0.40854455       2.1124213    0.0076703088      0.29864926      0.49223232       1.3941175        1.3941175       61170.057            67458.335                -6288.278
              1        30585.18       74.660619      0.35573318      -19.210745      0.52818572       2.1362923    0.0045220429      0.50365998      0.59462166       1.3941175        1.3941175       61167.571            67458.335               -6290.7633
              3       30585.323       74.660619      0.35573318      -19.210745      0.54138034       2.2016905    0.0049793723      0.47026863      0.66297742       1.3941175        1.3941175       61167.859            67458.335                -6290.476
              4       30584.708       74.660619      0.35573318      -19.210745      0.41620412       2.3775261    0.0025879367      0.52217021      0.48100926       1.3941175        1.3941175       61166.627            67458.335               -6291.7073
              2       30584.997       74.660619      0.35573318      -19.210745     0.012780336       2.4371549    0.0036821242       0.5341252      0.25905016       1.3941175        1.3941175       61167.206            67458.335               -6291.1281
              1        30585.22       74.246261      0.34497836      -19.224897     0.012780336       2.4371549    0.0036821242       0.5341252      0.25905016       1.3941175        1.3941175       61167.652            67458.781               -6291.1281
              3        30585.31       74.246261      0.34497836      -19.224897     0.014112808       2.4450455    0.0039876964      0.51413489      0.26135243       1.3941175        1.3941175       61167.832            67458.781               -6290.9484
              6       30585.224       74.246261      0.34497836      -19.224897     0.091580113       2.3675988    0.0037528859      0.53483593      0.24423112       1.3941175        1.3941175        61167.66            67458.781               -6291.1208
              2       30585.979       74.246261      0.34497836      -19.224897     0.086709576       2.3803139    0.0058143591      0.66092296      0.27408545       1.3941175        1.3941175       61169.169            67458.781               -6289.6112
              2       30585.944       74.246261      0.34497836      -19.224897      0.12065756       2.5470938    0.0057673469      0.73683703      0.15265119       1.3941175        1.3941175       61169.099            67458.781               -6289.6818
              6        30585.72       74.246261      0.34497836      -19.224897      0.16945777       2.5076426    0.0053218616      0.66864185     0.028286044       1.3941175        1.3941175       61168.652            67458.781               -6290.1284
             16       30585.253       74.246261      0.34497836      -19.224897     0.030500575       2.5119383    0.0038104312       0.7124613      0.04332532       1.3941175        1.3941175       61167.717            67458.781               -6291.0638
