#        weight    minuslogpost           H0_gp       omegam_gp            M_gp            d_gp           nu_gp        sigma_gp           zw_gp     sigma_zw_gp   minuslogprior minuslogprior__0            chi2 chi2__panp_gp_sigma2 chi2__panp_gp_sigma2_det
              2       32344.363       74.172658      0.32602361      -19.269904      0.56656566       2.2373103     0.013892309      0.27098014      0.71272143       1.3941175        1.3941175       64685.937            70967.371               -6281.4338
              3       32344.816       74.172658      0.32602361      -19.269904      0.61634009       2.2424426     0.014782724      0.27396813      0.67120433       1.3941175        1.3941175       64686.844            70967.371               -6280.5275
              2       31961.911       72.142082      0.32409605      -19.262033      0.61634009       2.2424426     0.014782724      0.27396813      0.67120433       1.3941175        1.3941175       63921.034            70201.561               -6280.5275
              1       31958.777       72.142082      0.32409605      -19.262033      0.59229644       2.0159397    0.0092659264      0.43907334      0.67576018       1.3941175        1.3941175       63914.766            70201.561               -6286.7948
              1       31959.195       72.142082      0.32409605      -19.262033      0.52458069       2.0251218    0.0099418119      0.48046115      0.59833319       1.3941175        1.3941175       63915.602            70201.561               -6285.9592
              1       31958.937       72.142082      0.32409605      -19.262033      0.26418881       2.0898539    0.0090425821      0.51778973      0.83247078       1.3941175        1.3941175       63915.087            70201.561               -6286.4744
              1        31957.97       72.142082      0.32409605      -19.262033      0.23958777        2.109856    0.0072469468      0.46798253      0.79657288       1.3941175        1.3941175       63913.151            70201.561                 -6288.41
              1       31802.663       71.584074      0.34027442      -19.277257      0.23958777        2.109856    0.0072469468      0.46798253      0.79657288       1.3941175        1.3941175       63602.538            69890.948                 -6288.41
              2       30712.822       72.409868      0.34726474       -19.27967      0.23958777        2.109856    0.0072469468      0.46798253      0.79657288       1.3941175        1.3941175       61422.856            67711.266                 -6288.41
              2       30711.116       72.409868      0.34726474       -19.27967      0.46282534       2.4082626    0.0022584285       0.7807092      0.80340848       1.3941175        1.3941175       61419.445            67711.266               -6291.8218
              7       30711.377       72.409868      0.34726474       -19.27967      0.31042455       2.5505776    0.0034774628       0.7576553      0.70392332       1.3941175        1.3941175       61419.965            67711.266               -6291.3013
              3       30710.931       72.409868      0.34726474       -19.27967      0.22012964       2.4170434   7.8743691e-05      0.85603449      0.69305103       1.3941175        1.3941175       61419.074            67711.266               -6292.1922
              2       30710.818       72.426688       0.3474873      -19.279699      0.22012964       2.4170434   7.8743691e-05      0.85603449      0.69305103       1.3941175        1.3941175       61418.849            67711.041               -6292.1922
              8       30711.157       72.426688       0.3474873      -19.279699       0.2981051       2.1846177    0.0030216918      0.67656954      0.98442993       1.3941175        1.3941175       61419.526            67711.041                -6291.515
              7       30711.239       72.815703      0.32971678      -19.266679       0.2981051       2.1846177    0.0030216918      0.67656954      0.98442993       1.3941175        1.3941175        61419.69            67711.205                -6291.515
              3       30711.242       72.815703      0.32971678      -19.266679      0.49224573       2.1999244    0.0030865837      0.52921059      0.94111521       1.3941175        1.3941175       61419.696            67711.205               -6291.5084
              1       30711.299       72.815703      0.32971678      -19.266679      0.47477074       2.1173088    0.0033344504      0.51021717      0.90338147       1.3941175        1.3941175        61419.81            67711.205               -6291.3943
              2       30710.927       72.815703      0.32971678      -19.266679      0.85454695       2.1712145   0.00087325817       0.3002404       0.9810831       1.3941175        1.3941175       61419.065            67711.205               -6292.1394
              2       30710.994       72.815703      0.32971678      -19.266679      0.92693213       1.8153158     0.001657169      0.20363347      0.75921849       1.3941175        1.3941175       61419.199            67711.205               -6292.0056
              7       30696.822       72.711332      0.33093828      -19.272168      0.92693213       1.8153158     0.001657169      0.20363347      0.75921849       1.3941175        1.3941175       61390.856            67682.862               -6292.0056
              2        30696.73       72.711332      0.33093828      -19.272168      0.97893768       1.8150617   0.00020828414      0.23759435      0.82560786       1.3941175        1.3941175       61390.672            67682.862               -6292.1897
             17       30690.457       72.854332       0.3298092      -19.273063      0.97893768       1.8150617   0.00020828414      0.23759435      0.82560786       1.3941175        1.3941175       61378.126            67670.316               -6292.1897
              1        30684.71       72.820973      0.32922897       -19.27204      0.97893768       1.8150617   0.00020828414      0.23759435      0.82560786       1.3941175        1.3941175       61366.632            67658.822               -6292.1897
             41       30684.712       72.820973      0.32922897       -19.27204      0.94236763       1.7089838   0.00030329834       0.1666407      0.87819763       1.3941175        1.3941175       61366.636            67658.822               -6292.1864
              5       30682.476        72.89536      0.32665806      -19.270675      0.94236763       1.7089838   0.00030329834       0.1666407      0.87819763       1.3941175        1.3941175       61362.164            67654.351               -6292.1864
