#        weight    minuslogpost           H0_gp       omegam_gp            M_gp            d_gp           nu_gp        sigma_gp           zw_gp     sigma_zw_gp   minuslogprior minuslogprior__0            chi2 chi2__panp_gp_sigma2 chi2__panp_gp_sigma2_det
              3       30811.513       74.168772      0.36716459      -19.234896     0.082366899        1.781063    0.0038491066      0.41284577      0.94568794       1.3941175        1.3941175       61620.239            67911.286               -6291.0479
              1       30811.908       74.168772      0.36716459      -19.234896      0.61094865       1.8508583    0.0053387089      0.25041174       0.9999691       1.3941175        1.3941175       61621.028            67911.286               -6290.2582
             11       30589.168       74.859441      0.35862674      -19.205056      0.61094865       1.8508583    0.0053387089      0.25041174       0.9999691       1.3941175        1.3941175       61175.548            67465.806               -6290.2582
              7       30588.315       74.859441      0.35862674      -19.205056      0.91534688       1.2837775    0.0018088748      0.49104392      0.86686605       1.3941175        1.3941175       61173.842            67465.806               -6291.9641
              1       30588.541       74.859441      0.35862674      -19.205056       0.4456609       1.1841392    0.0030587051      0.63485615      0.80019113       1.3941175        1.3941175       61174.294            67465.806               -6291.5116
              5       30588.998       74.859441      0.35862674      -19.205056      0.39964125       1.2620462    0.0047035105      0.53529498      0.95487708       1.3941175        1.3941175       61175.207            67465.806               -6290.5983
              7       30588.591       74.859441      0.35862674      -19.205056      0.38722281       1.3489508    0.0032788846      0.35650842      0.76676741       1.3941175        1.3941175       61174.394            67465.806               -6291.4122
              5       30588.202       74.859441      0.35862674      -19.205056      0.27766919       1.4655112   0.00019082064      0.50786889      0.62877874       1.3941175        1.3941175       61173.616            67465.806               -6292.1899
              3       30588.208       74.859441      0.35862674      -19.205056      0.27215019       1.4704686   0.00044339261      0.51019101      0.62471303       1.3941175        1.3941175       61173.628            67465.806               -6292.1779
              1        30588.79       74.859441      0.35862674      -19.205056      0.31797571        1.394183    0.0040074691      0.50086469      0.79174473       1.3941175        1.3941175       61174.792            67465.806               -6291.0137
              1       30589.831       74.859441      0.35862674      -19.205056      0.30288202       1.0515705    0.0067536467      0.50607539      0.45179675       1.3941175        1.3941175       61176.874            67465.806               -6288.9314
              4         30589.9       74.859441      0.35862674      -19.205056       0.1252543        1.043839    0.0068655885      0.21557386      0.46731459       1.3941175        1.3941175       61177.012            67465.806               -6288.7933
              1       30590.263       74.959094      0.35501675      -19.200651       0.1252543        1.043839    0.0068655885      0.21557386      0.46731459       1.3941175        1.3941175       61177.738            67466.531               -6288.7933
              2       30589.098       74.959094      0.35501675      -19.200651      0.35972494      0.95048572    0.0040367039      0.24107952       0.2386333       1.3941175        1.3941175       61175.409            67466.531               -6291.1228
              1       30590.854       74.959094      0.35501675      -19.200651      0.51563031      0.93692048    0.0082580537       0.7246633      0.37307276       1.3941175        1.3941175       61178.919            67466.531               -6287.6123
              5       30591.191       74.959094      0.35501675      -19.200651      0.26015641      0.84348031    0.0085728863      0.81909125      0.19651755       1.3941175        1.3941175       61179.594            67466.531               -6286.9377
              4       30591.126       74.959094      0.35501675      -19.200651      0.23831365      0.76627659    0.0084249107      0.80592234      0.16850169       1.3941175        1.3941175       61179.464            67466.531               -6287.0672
              1       30590.325       74.959094      0.35501675      -19.200651      0.25995314        0.800459    0.0069719878      0.73528994     0.059739446       1.3941175        1.3941175       61177.861            67466.531               -6288.6705
              2       30590.322       74.959094      0.35501675      -19.200651      0.31203669       0.7728304    0.0070258775      0.69299848      0.06971022       1.3941175        1.3941175       61177.856            67466.531               -6288.6757
              1       30580.309       74.765014      0.34909145      -19.210749      0.31203669       0.7728304    0.0070258775      0.69299848      0.06971022       1.3941175        1.3941175       61157.829            67446.505               -6288.6757
              8       30580.455       74.765014      0.34909145      -19.210749      0.44380901      0.81719215    0.0074102501      0.80587445      0.21197435       1.3941175        1.3941175       61158.123            67446.505               -6288.3819
