#        weight    minuslogpost           H0_gp       omegam_gp            M_gp            d_gp           nu_gp        sigma_gp           zw_gp     sigma_zw_gp   minuslogprior minuslogprior__0            chi2 chi2__panp_gp_sigma2 chi2__panp_gp_sigma2_det
              3       30677.865       74.111029      0.32170552      -19.242939      0.89204753       2.1983252    0.0090509347      0.55609754      0.11504157       1.3941175        1.3941175       61352.942            67640.442               -6287.5005
              1       30676.925       74.111029      0.32170552      -19.242939      0.92196038       2.0985747    0.0071001175      0.40953157     0.078305732       1.3941175        1.3941175       61351.062            67640.442               -6289.3799
              1       30665.708       73.974767       0.3215994      -19.245883      0.92196038       2.0985747    0.0071001175      0.40953157     0.078305732       1.3941175        1.3941175       61328.628            67618.008               -6289.3799
              3       30665.514       73.974767       0.3215994      -19.245883      0.79860007       2.1343152    0.0062803391      0.49733949     0.099473782       1.3941175        1.3941175       61328.241            67618.008                -6289.767
              1       30664.864       73.974767       0.3215994      -19.245883       0.8472998       2.1877385    0.0041763541      0.48803147      0.13041167       1.3941175        1.3941175        61326.94            67618.008               -6291.0672
              1       30665.287       73.974767       0.3215994      -19.245883      0.77198447       2.2092071    0.0055477998       0.3818561      0.30143766       1.3941175        1.3941175       61327.785            67618.008               -6290.2227
              2       30664.436       73.974767       0.3215994      -19.245883      0.60016922       2.1939119     0.002210123      0.19756184      0.13865066       1.3941175        1.3941175       61326.085            67618.008               -6291.9229
              4       30664.323       73.974767       0.3215994      -19.245883      0.68231272       2.2276491   0.00087945034      0.21106263      0.11929708       1.3941175        1.3941175       61325.857            67618.008               -6292.1504
              8       30600.039       74.057109      0.34345556      -19.234421      0.68231272       2.2276491   0.00087945034      0.21106263      0.11929708       1.3941175        1.3941175        61197.29             67489.44               -6292.1504
              3        30583.54       74.346159      0.34361151      -19.224601      0.68231272       2.2276491   0.00087945034      0.21106263      0.11929708       1.3941175        1.3941175       61164.292            67456.442               -6292.1504
              7       30583.717       74.346159      0.34361151      -19.224601      0.81458195       2.1992395     0.002579152       0.2384793      0.18130234       1.3941175        1.3941175       61164.645            67456.442                -6291.797
              4       30583.693       74.346159      0.34361151      -19.224601      0.92568618       2.1204271    0.0023456421      0.20971674      0.34158338       1.3941175        1.3941175       61164.599            67456.442               -6291.8436
              3       30583.878       74.346159      0.34361151      -19.224601      0.92382506       2.1081054    0.0034071926      0.18730173      0.35048084       1.3941175        1.3941175       61164.968            67456.442               -6291.4747
              6       30583.908       74.346159      0.34361151      -19.224601      0.92469412       2.1219544    0.0035445458      0.18908142      0.35828151       1.3941175        1.3941175       61165.028            67456.442               -6291.4146
             10       30583.887       74.346159      0.34361151      -19.224601      0.95073929       2.1394163    0.0033840536      0.38887263      0.20611757       1.3941175        1.3941175       61164.985            67456.442               -6291.4574
              2       30584.361       74.346159      0.34361151      -19.224601      0.97374041        2.095931    0.0064437222      0.25772896     0.021228572       1.3941175        1.3941175       61165.934            67456.442               -6290.5084
              3       30584.114       74.346159      0.34361151      -19.224601      0.91908117       2.1760352    0.0058793332      0.20541733     0.015419316       1.3941175        1.3941175       61165.441            67456.442               -6291.0018
              3       30584.137       74.346159      0.34361151      -19.224601      0.94901476        2.193139    0.0063273281       0.1769085     0.019478852       1.3941175        1.3941175       61165.485            67456.442               -6290.9569
              2       30583.828       74.346159      0.34361151      -19.224601       0.9919586       2.1274242    0.0034803763      0.12095025      0.20805059       1.3941175        1.3941175       61164.868            67456.442               -6291.5743
              3       30584.631       74.284346      0.34247951      -19.224086       0.9919586       2.1274242    0.0034803763      0.12095025      0.20805059       1.3941175        1.3941175       61166.475            67458.049               -6291.5743
             18       30584.322       74.284346      0.34247951      -19.224086      0.85643055       2.2069304   5.1234972e-05      0.12711352      0.14033307       1.3941175        1.3941175       61165.856            67458.049               -6292.1925
