#        weight    minuslogpost           H0_gp       omegam_gp            M_gp            d_gp           nu_gp        sigma_gp           zw_gp     sigma_zw_gp   minuslogprior minuslogprior__0            chi2 chi2__panp_gp_sigma2 chi2__panp_gp_sigma2_det
              2       31025.435        73.61294      0.33465182      -19.264767       0.8491616       2.1327343   0.00055036371      0.35015938      0.45449853       1.3941175        1.3941175       62048.082            68340.254               -6292.1718
              1       30879.927       73.495756      0.33506306      -19.264334       0.8491616       2.1327343   0.00055036371      0.35015938      0.45449853       1.3941175        1.3941175       61757.065            68049.237               -6292.1718
              3       30881.123       73.495756      0.33506306      -19.264334       0.8737472       2.3932105    0.0075860919      0.22821053     0.060895318       1.3941175        1.3941175       61759.459            68049.237               -6289.7779
              3        30880.98       73.495756      0.33506306      -19.264334      0.88931078        2.454577    0.0069921163      0.15076808       0.1368132       1.3941175        1.3941175       61759.172            68049.237               -6290.0649
              3       30659.714       73.157092      0.33697291      -19.256091      0.88931078        2.454577    0.0069921163      0.15076808       0.1368132       1.3941175        1.3941175        61316.64            67606.705               -6290.0649
              2       30659.787       73.157092      0.33697291      -19.256091      0.84585534        2.483275    0.0064639994      0.15427427      0.27833748       1.3941175        1.3941175       61316.785            67606.705               -6289.9195
             11       30658.872       73.157092      0.33697291      -19.256091      0.98124883       2.5323956    0.0026262519      0.31144191      0.27210499       1.3941175        1.3941175       61314.955            67606.705               -6291.7498
              3        30646.21        73.16028      0.33716875      -19.258091      0.98124883       2.5323956    0.0026262519      0.31144191      0.27210499       1.3941175        1.3941175       61289.631            67581.381               -6291.7498
              5       30646.128        73.16028      0.33716875      -19.258091      0.74537536       2.5646907     0.002031951      0.19139204      0.58031385       1.3941175        1.3941175       61289.467            67581.381               -6291.9135
              6       30646.016        73.16028      0.33716875      -19.258091      0.66864079        2.620946   0.00089521122      0.27966734      0.41784958       1.3941175        1.3941175       61289.243            67581.381               -6292.1376
              1       30646.005        73.16028      0.33716875      -19.258091      0.69240541       2.5433043   0.00071590302      0.20817029      0.34007232       1.3941175        1.3941175       61289.222            67581.381               -6292.1591
              1       30646.048        73.16028      0.33716875      -19.258091      0.11288556        2.435129    0.0012956818      0.41642711      0.10623204       1.3941175        1.3941175       61289.308            67581.381               -6292.0727
              8       30646.338        73.16028      0.33716875      -19.258091      0.10947152       2.4317166    0.0031355056      0.40706639      0.11399834       1.3941175        1.3941175       61289.888            67581.381                -6291.493
              1       30646.448        73.16028      0.33716875      -19.258091     0.085821384        2.210339    0.0035179366      0.43162678      0.19912722       1.3941175        1.3941175       61290.109            67581.381                -6291.272
              7       30601.297       74.387093       0.3640228      -19.217532     0.085821384        2.210339    0.0035179366      0.43162678      0.19912722       1.3941175        1.3941175       61199.805            67491.077                -6291.272
              1       30601.306       74.387093       0.3640228      -19.217532     0.077914666       2.2114377    0.0035536579      0.43477641      0.18139874       1.3941175        1.3941175       61199.823            67491.077               -6291.2545
              1       30601.326       74.387093       0.3640228      -19.217532     0.063029539       2.2656306    0.0036117405      0.44741832      0.19576479       1.3941175        1.3941175       61199.865            67491.077               -6291.2128
              8       30601.224       74.387093       0.3640228      -19.217532     0.091871248       2.2676897    0.0032170045      0.47139775      0.18796088       1.3941175        1.3941175        61199.66            67491.077               -6291.4178
              1       30600.998       74.387093       0.3640228      -19.217532      0.16333805       2.2000523     0.002136231      0.38820739      0.13441336       1.3941175        1.3941175       61199.207            67491.077               -6291.8706
              1       30601.027       74.387093       0.3640228      -19.217532      0.14059865       2.1630154    0.0023051561      0.39913456      0.15265272       1.3941175        1.3941175       61199.266            67491.077               -6291.8111
