#        weight    minuslogpost           H0_gp       omegam_gp            M_gp            d_gp           nu_gp        sigma_gp           zw_gp     sigma_zw_gp   minuslogprior minuslogprior__0            chi2 chi2__panp_gp_sigma2 chi2__panp_gp_sigma2_det
              1       31782.947       73.857983      0.31559338      -19.274748      0.51734481       2.2559021    0.0045786563      0.72644005      0.28690061       1.3941175        1.3941175       63563.105             69853.83               -6290.7249
              2       31782.585       73.857983      0.31559338      -19.274748      0.47848827       2.1896407    0.0032295277      0.71777321      0.10583136       1.3941175        1.3941175       63562.382             69853.83               -6291.4483
              5       30685.442       73.008327      0.33264093      -19.269215      0.47848827       2.1896407    0.0032295277      0.71777321      0.10583136       1.3941175        1.3941175       61368.095            67659.544               -6291.4483
              2       30685.854       73.008327      0.33264093      -19.269215      0.74851334       2.2195502    0.0048282627      0.81306484      0.12986538       1.3941175        1.3941175       61368.919            67659.544               -6290.6249
              2        30686.15       73.008327      0.33264093      -19.269215      0.72068617       2.2298958    0.0057037274      0.78799459      0.20700072       1.3941175        1.3941175       61369.511            67659.544               -6290.0329
              1       30675.032       72.968356      0.33114822      -19.268771      0.72068617       2.2298958    0.0057037274      0.78799459      0.20700072       1.3941175        1.3941175       61347.276            67637.309               -6290.0329
              1       30674.004       72.968356      0.33114822      -19.268771      0.57117572       2.1931118    0.0011960409      0.92239932      0.30570482       1.3941175        1.3941175       61345.219            67637.309               -6292.0895
              1       30673.953       72.968356      0.33114822      -19.268771       0.6004953        2.219172   0.00010651018      0.89661707      0.32072204       1.3941175        1.3941175       61345.117            67637.309               -6292.1919
              4       30673.991       72.968356      0.33114822      -19.268771      0.48913635        2.406938     0.001034904      0.95411199        0.249326       1.3941175        1.3941175       61345.194            67637.309               -6292.1147
              4       30672.391       73.034003      0.33455769      -19.260183      0.48913635        2.406938     0.001034904      0.95411199        0.249326       1.3941175        1.3941175       61341.995            67634.109               -6292.1147
              3       30627.901       73.936756      0.31676426      -19.241571      0.48913635        2.406938     0.001034904      0.95411199        0.249326       1.3941175        1.3941175       61253.014            67545.129               -6292.1147
              3       30628.111       73.936756      0.31676426      -19.241571      0.51510688       2.3940195    0.0026302313      0.96191363       0.3586197       1.3941175        1.3941175       61253.433            67545.129               -6291.6953
              3       30609.123        74.62514      0.31705695       -19.21983      0.51510688       2.3940195    0.0026302313      0.96191363       0.3586197       1.3941175        1.3941175       61215.457            67507.153               -6291.6953
              2       30608.876        74.62514      0.31705695       -19.21983      0.61526259       2.7951384   0.00020979777      0.84255248      0.48126704       1.3941175        1.3941175       61214.963            67507.153               -6292.1895
              1       30609.143        74.62514      0.31705695       -19.21983      0.69471026       2.5825379     0.002764945      0.71973505      0.98289965       1.3941175        1.3941175       61215.498            67507.153               -6291.6552
              9       30608.904        74.62514      0.31705695       -19.21983      0.72433797       2.6031522   0.00090995684       0.6437301      0.98530135       1.3941175        1.3941175       61215.019            67507.153               -6292.1337
              3       30608.881       74.625174      0.31706551      -19.219827      0.72433797       2.6031522   0.00090995684       0.6437301      0.98530135       1.3941175        1.3941175       61214.973            67507.107               -6292.1337
              6       30609.185       74.625174      0.31706551      -19.219827      0.65139118       2.5662306     0.003079391      0.62932723      0.89348562       1.3941175        1.3941175       61215.581            67507.107               -6291.5257
              1       30609.722       74.625174      0.31706551      -19.219827      0.49320192       2.6868012    0.0049869096      0.58723715      0.95348586       1.3941175        1.3941175       61216.656            67507.107               -6290.4508
              2       30609.908       74.625174      0.31706551      -19.219827        0.450113       2.6702269     0.005496079      0.54902858      0.83972091       1.3941175        1.3941175       61217.028            67507.107               -6290.0784
              9       30609.853       74.625174      0.31706551      -19.219827      0.39757776       2.6269442    0.0053148643      0.55640489      0.86355946       1.3941175        1.3941175       61216.918            67507.107               -6290.1883
              3       30610.715       74.625174      0.31706551      -19.219827      0.40246472       2.5857304    0.0073573807      0.91134781      0.90472056       1.3941175        1.3941175       61218.642            67507.107               -6288.4641
              7       30610.994       74.625174      0.31706551      -19.219827      0.38048723       2.5753389    0.0079021996       0.8950219      0.84052335       1.3941175        1.3941175         61219.2            67507.107               -6287.9062
