#        weight    minuslogpost           H0_gp       omegam_gp            M_gp            d_gp           nu_gp        sigma_gp           zw_gp     sigma_zw_gp   minuslogprior minuslogprior__0            chi2 chi2__panp_gp_sigma2 chi2__panp_gp_sigma2_det
              1       32998.416       74.926507      0.31332136      -19.170961      0.43040948       1.9525107     0.018796061      0.65231465      0.80772609       1.3941175        1.3941175       65994.043             72267.12               -6273.0766
              3       32997.409       74.926507      0.31332136      -19.170961      0.25730574       1.9608786     0.016547909      0.64216859      0.84677273       1.3941175        1.3941175       65992.029             72267.12               -6275.0906
              1       30663.256       75.548468      0.33282405      -19.184089      0.25730574       1.9608786     0.016547909      0.64216859      0.84677273       1.3941175        1.3941175       61323.725            67598.815               -6275.0906
              3       30596.212       74.571869      0.33405124      -19.221789      0.25730574       1.9608786     0.016547909      0.64216859      0.84677273       1.3941175        1.3941175       61189.635            67464.726               -6275.0906
              3       30594.515       74.571869      0.33405124      -19.221789      0.24557955       2.0572091     0.014535176      0.63211868      0.68858996       1.3941175        1.3941175       61186.242            67464.726               -6278.4839
              1       30594.657       74.571869      0.33405124      -19.221789      0.24621088       2.0584746      0.01470871      0.63516049      0.68575709       1.3941175        1.3941175       61186.526            67464.726               -6278.1993
              4        30591.28        74.49586      0.32997535      -19.222002      0.24621088       2.0584746      0.01470871      0.63516049      0.68575709       1.3941175        1.3941175       61179.773            67457.972               -6278.1993
              5       30591.132        74.49586      0.32997535      -19.222002      0.27019374       2.0804563     0.014648169      0.60794412      0.68891328       1.3941175        1.3941175       61179.477            67457.972               -6278.4953
              5       30591.195        74.49586      0.32997535      -19.222002      0.26722414        2.082527      0.01471088      0.60792571      0.68912211       1.3941175        1.3941175       61179.602            67457.972               -6278.3703
             10       30592.516        74.49586      0.32997535      -19.222002      0.25430001       1.6574473     0.016123919      0.98346804      0.39743696       1.3941175        1.3941175       61182.244            67457.972               -6275.7283
              1       30591.773        74.49586      0.32997535      -19.222002      0.25364026       1.6610818     0.015286918      0.94504001      0.24709198       1.3941175        1.3941175       61180.757            67457.972               -6277.2144
              8       30591.267        74.49586      0.32997535      -19.222002      0.26781095        1.667932     0.014754913      0.94701246      0.25170769       1.3941175        1.3941175       61179.745            67457.972               -6278.2269
              3       30589.112        74.49586      0.32997535      -19.222002      0.29060305       1.6062091     0.012052621      0.91498359      0.35428459       1.3941175        1.3941175       61175.435            67457.972               -6282.5365
              1       30587.177        74.49586      0.32997535      -19.222002      0.20109232       1.5150639    0.0089785639      0.82460185      0.18259368       1.3941175        1.3941175       61171.566            67457.972               -6286.4055
              2       30586.755        74.49586      0.32997535      -19.222002      0.19854659        1.879025    0.0085044483      0.43243076      0.15123424       1.3941175        1.3941175       61170.722            67457.972               -6287.2499
              6        30586.31        74.49586      0.32997535      -19.222002      0.19932182       1.8633453    0.0076279025      0.41206543      0.20379127       1.3941175        1.3941175       61169.832            67457.972               -6288.1399
              2       30584.905        74.49586      0.32997535      -19.222002      0.23312031       1.8367503    0.0041649221      0.27600847      0.41514769       1.3941175        1.3941175       61167.021            67457.972               -6290.9507
              2       30584.781        74.49586      0.32997535      -19.222002      0.55956973       1.7076761    0.0037541124      0.54150533      0.54098312       1.3941175        1.3941175       61166.773            67457.972                -6291.199
              5       30584.404        74.49586      0.32997535      -19.222002      0.65509723       1.7919155    0.0018385442      0.52558249      0.47737069       1.3941175        1.3941175       61166.019            67457.972               -6291.9529
