#        weight    minuslogpost           H0_gp       omegam_gp            M_gp            d_gp           nu_gp        sigma_gp           zw_gp     sigma_zw_gp   minuslogprior minuslogprior__0            chi2 chi2__panp_gp_sigma2 chi2__panp_gp_sigma2_det
              4       31093.959       73.499748      0.32650647      -19.271256       0.7553862       2.1676985    0.0021694523      0.37248507      0.41668813       1.3941175        1.3941175       62185.131                68477               -6291.8691
              2       30680.882       73.074718      0.34612628      -19.264662       0.7553862       2.1676985    0.0021694523      0.37248507      0.41668813       1.3941175        1.3941175       61358.976            67650.845               -6291.8691
             11       30616.829       73.684648      0.34772417      -19.244066       0.7553862       2.1676985    0.0021694523      0.37248507      0.41668813       1.3941175        1.3941175       61230.871             67522.74               -6291.8691
              5       30616.682       73.684648      0.34772417      -19.244066      0.86447701       2.2299991   0.00065266615      0.31336706      0.58113053       1.3941175        1.3941175       61230.576             67522.74               -6292.1632
              1       30616.785       73.684648      0.34772417      -19.244066        0.844426       2.2278815    0.0018433083      0.33991001      0.62515765       1.3941175        1.3941175       61230.781             67522.74               -6291.9583
              3       30616.943       73.684648      0.34772417      -19.244066       0.7669023        2.378735    0.0028541309      0.22357878      0.64166843       1.3941175        1.3941175       61231.098             67522.74               -6291.6411
              4       30617.061       73.684648      0.34772417      -19.244066      0.43332711       2.3937649    0.0033882584      0.37341189      0.22458817       1.3941175        1.3941175       61231.333             67522.74               -6291.4064
              3       30616.888       73.684648      0.34772417      -19.244066      0.55682092        2.440585    0.0025999718      0.36843354        0.131849       1.3941175        1.3941175       61230.987             67522.74               -6291.7524
              5       30616.753       73.684648      0.34772417      -19.244066      0.61335996       2.4027459    0.0016257609      0.30251536      0.17519035       1.3941175        1.3941175       61230.717             67522.74               -6292.0226
              2       30617.735       73.684648      0.34772417      -19.244066      0.20512825       2.1793018    0.0055723878      0.21632103      0.35249592       1.3941175        1.3941175       61232.682             67522.74               -6290.0575
              8       30617.435       73.684648      0.34772417      -19.244066      0.16187068       2.3458881    0.0046036617      0.29582704      0.37657706       1.3941175        1.3941175       61232.083             67522.74               -6290.6569
              2       30617.433       73.684648      0.34772417      -19.244066       0.1667077       2.3508011    0.0046022015      0.29077437      0.37547018       1.3941175        1.3941175       61232.077             67522.74               -6290.6622
              5        30617.15       73.684648      0.34772417      -19.244066     0.036938562       2.3082749    0.0036517822      0.13276619      0.44804976       1.3941175        1.3941175       61231.511             67522.74               -6291.2282
             15       30617.232       73.684648      0.34772417      -19.244066      0.12714885       2.3191407    0.0040127422      0.14247541      0.42592395       1.3941175        1.3941175       61231.676             67522.74               -6291.0639
              2           30617       73.684648      0.34772417      -19.244066     0.090799331       2.3074991    0.0031292195      0.10578013       0.3723027       1.3941175        1.3941175       61231.212             67522.74               -6291.5278
             11       30613.037       73.607108      0.34859084      -19.242217     0.090799331       2.3074991    0.0031292195      0.10578013       0.3723027       1.3941175        1.3941175       61223.286            67514.814               -6291.5278
              2         30612.8       73.607108      0.34859084      -19.242217      0.25159431       2.4814355    0.0016061777      0.43683403      0.34000561       1.3941175        1.3941175       61222.811            67514.814               -6292.0024
              6       30612.886       73.607108      0.34859084      -19.242217      0.19812022       2.5184042    0.0022128092      0.43506822      0.33358848       1.3941175        1.3941175       61222.985            67514.814                -6291.829
