#        weight    minuslogpost           H0_gp       omegam_gp            M_gp            d_gp           nu_gp        sigma_gp           zw_gp     sigma_zw_gp   minuslogprior minuslogprior__0            chi2 chi2__panp_gp_sigma2 chi2__panp_gp_sigma2_det
              3       36609.424       75.055984      0.33178776      -19.275068      0.49920764       1.9590288    0.0069645248      0.93804863       0.9331799       1.3941175        1.3941175       73216.059            79504.951               -6288.8918
              3       34318.107       75.207797      0.33235962      -19.255889      0.49920764       1.9590288    0.0069645248      0.93804863       0.9331799       1.3941175        1.3941175       68633.426            74922.318               -6288.8918
              3       34317.696       75.207797      0.33235962      -19.255889      0.30733351       2.2576016    0.0058629547      0.75003063      0.92142202       1.3941175        1.3941175       68632.605            74922.318               -6289.7133
              7       34316.973       75.207797      0.33235962      -19.255889      0.31241288       2.2414695      0.00374367      0.72994823      0.93872928       1.3941175        1.3941175       68631.157            74922.318               -6291.1607
              2       34316.845       75.207797      0.33235962      -19.255889      0.27190768       1.8422345    0.0032314271      0.52597258      0.78852424       1.3941175        1.3941175       68630.902            74922.318               -6291.4164
              1       34317.038       75.207797      0.33235962      -19.255889      0.27259936       1.8202763    0.0039623695      0.54719703      0.83972067       1.3941175        1.3941175       68631.287            74922.318               -6291.0307
              1       32476.712       74.592269      0.30633989      -19.264072      0.27259936       1.8202763    0.0039623695      0.54719703      0.83972067       1.3941175        1.3941175       64950.636            71241.667               -6291.0307
              3       32210.909       75.596621      0.29738402      -19.234646      0.27259936       1.8202763    0.0039623695      0.54719703      0.83972067       1.3941175        1.3941175       64419.029             70710.06               -6291.0307
              1       32210.879       75.596621      0.29738402      -19.234646      0.27802748       1.8138897    0.0038597258      0.54958515      0.85441845       1.3941175        1.3941175       64418.969             70710.06               -6291.0902
              4       30738.339       72.892526      0.32327251      -19.276986      0.27802748       1.8138897    0.0038597258      0.54958515      0.85441845       1.3941175        1.3941175       61473.889            67764.979               -6291.0902
              1       30738.413       72.892526      0.32327251      -19.276986      0.38371328       1.8589434    0.0041577942      0.57071801      0.84816884       1.3941175        1.3941175       61474.038            67764.979               -6290.9416
              2       30737.935       72.892526      0.32327251      -19.276986      0.29375296       1.8988725    0.0019898354      0.50220637      0.89948896       1.3941175        1.3941175       61473.082            67764.979               -6291.8974
              1       30737.927       72.892526      0.32327251      -19.276986       0.2892687       1.8932599    0.0019327816      0.49021034      0.87516434       1.3941175        1.3941175       61473.065            67764.979               -6291.9139
              1       30738.524       72.892526      0.32327251      -19.276986      0.23687845       1.8828132    0.0044588231      0.44301768      0.90652946       1.3941175        1.3941175       61474.261            67764.979               -6290.7184
              1       30667.098        73.42982      0.31411996      -19.257296      0.23687845       1.8828132    0.0044588231      0.44301768      0.90652946       1.3941175        1.3941175       61331.408            67622.126               -6290.7184
              2       30668.097        73.42982      0.31411996      -19.257296      0.33795769       2.2037342    0.0070442823      0.39741001      0.79103196       1.3941175        1.3941175       61333.406            67622.126               -6288.7196
              4       30668.408        73.42982      0.31411996      -19.257296       0.1717394       2.2313475    0.0074635991      0.52588908      0.72955413       1.3941175        1.3941175       61334.029            67622.126               -6288.0974
              1       30667.992        73.42982      0.31411996      -19.257296     0.069000568       2.6572048    0.0065079494      0.70256867      0.71431861       1.3941175        1.3941175       61333.196            67622.126                 -6288.93
              2       30667.963        73.42982      0.31411996      -19.257296      0.07092892       2.6548485    0.0064511509      0.71061364      0.72060463       1.3941175        1.3941175       61333.138            67622.126               -6288.9881
              1       30668.079        73.42982      0.31411996      -19.257296     0.083953173       2.6540343    0.0067021941      0.71963084       0.7060389       1.3941175        1.3941175        61333.37            67622.126               -6288.7559
              8       30666.936        73.42982      0.31411996      -19.257296      0.39587473       2.7300918    0.0039937599      0.60962303      0.79417949       1.3941175        1.3941175       61331.084            67622.126                -6291.042
              5       30667.053        73.42982      0.31411996      -19.257296      0.18356898       2.6908515    0.0042953493      0.64357321      0.52833461       1.3941175        1.3941175       61331.318            67622.126               -6290.8075
              3       30667.103        73.42982      0.31411996      -19.257296      0.22835332       2.6300581    0.0044770213      0.63653235      0.38847994       1.3941175        1.3941175       61331.417            67622.126               -6290.7087
              1       30639.339       73.524226      0.32272774      -19.252779      0.22835332       2.6300581    0.0044770213      0.63653235      0.38847994       1.3941175        1.3941175        61275.89            67566.598               -6290.7087
              4       30639.388        73.52338      0.32273625      -19.252812      0.22835332       2.6300581    0.0044770213      0.63653235      0.38847994       1.3941175        1.3941175       61275.988            67566.697               -6290.7087
