#        weight    minuslogpost           H0_gp       omegam_gp            M_gp            d_gp           nu_gp        sigma_gp           zw_gp     sigma_zw_gp   minuslogprior minuslogprior__0            chi2 chi2__panp_gp_sigma2 chi2__panp_gp_sigma2_det
              6       30967.883       74.303558      0.30487048      -19.218589      0.45910874       2.0677206    0.0043405701      0.22140932      0.86894537       1.3941175        1.3941175       61932.978            68223.849               -6290.8712
              2       30967.481       74.303558      0.30487048      -19.218589      0.53046266        2.086708    0.0027079126      0.21503297      0.88178379       1.3941175        1.3941175       61932.175            68223.849               -6291.6745
              1       30967.383       74.303558      0.30487048      -19.218589      0.52796918        2.080059    0.0021248363       0.2342841      0.86886495       1.3941175        1.3941175       61931.978            68223.849               -6291.8714
              2       30625.758       74.573754      0.31136255      -19.227504      0.52796918        2.080059    0.0021248363       0.2342841      0.86886495       1.3941175        1.3941175       61248.729              67540.6               -6291.8714
              1        30625.72       74.573754      0.31136255      -19.227504      0.48969043       2.0895334    0.0018519807      0.19998735      0.82593582       1.3941175        1.3941175       61248.652              67540.6               -6291.9484
              1       30625.732       74.573754      0.31136255      -19.227504      0.50713649       2.0831348    0.0019417053      0.19548601      0.81279559       1.3941175        1.3941175       61248.675              67540.6               -6291.9252
              4       30618.281        74.45669      0.31280887      -19.227136      0.50713649       2.0831348    0.0019417053      0.19548601      0.81279559       1.3941175        1.3941175       61233.773            67525.698               -6291.9252
              9       30618.332        74.45669      0.31280887      -19.227136       0.6014575       1.9761768    0.0022918039       0.2883272      0.75645774       1.3941175        1.3941175       61233.876            67525.698               -6291.8222
              1        30618.39        74.45669      0.31280887      -19.227136      0.58468855       2.0406493    0.0026341135      0.28740849      0.62738048       1.3941175        1.3941175       61233.991            67525.698                -6291.707
              6       30618.372        74.45669      0.31280887      -19.227136      0.58420424       2.0429848    0.0025346506      0.27947098      0.62888265       1.3941175        1.3941175       61233.956            67525.698               -6291.7429
              2       30618.229        74.45669      0.31280887      -19.227136      0.25150277       1.8980137    0.0014835058      0.44046112      0.52229565       1.3941175        1.3941175        61233.67            67525.698               -6292.0285
              3       30619.364        74.45669      0.31280887      -19.227136      0.07457028       2.3228998    0.0056318816      0.60500687      0.36795787       1.3941175        1.3941175        61235.94            67525.698               -6289.7582
