#        weight    minuslogpost           H0_gp       omegam_gp            M_gp            d_gp           nu_gp        sigma_gp           zw_gp     sigma_zw_gp   minuslogprior minuslogprior__0            chi2 chi2__panp_gp_sigma2 chi2__panp_gp_sigma2_det
              2        33934.85       73.655689      0.33455945       -19.29682      0.11948047       2.1278359    0.0082316199      0.47016378       0.9787317       1.3941175        1.3941175       67866.911            74154.046               -6287.1353
              8       30685.374       74.576092      0.30126817      -19.232657      0.11948047       2.1278359    0.0082316199      0.47016378       0.9787317       1.3941175        1.3941175        61367.96            67655.095               -6287.1353
              5        30685.49       74.576092      0.30126817      -19.232657      0.12069521       2.1292489    0.0084268043      0.47143825      0.97916524       1.3941175        1.3941175       61368.192            67655.095               -6286.9032
              4       30581.081        75.27988      0.33378907      -19.199845      0.12069521       2.1292489    0.0084268043      0.47143825      0.97916524       1.3941175        1.3941175       61159.374            67446.277               -6286.9032
              9       30581.331        75.27988      0.33378907      -19.199845     0.080382283       2.1336089    0.0087429125      0.46388468      0.99993461       1.3941175        1.3941175       61159.873            67446.277               -6286.4036
              4       30579.012        75.27988      0.33378907      -19.199845      0.13319702       2.3471229    0.0038832939      0.55500083      0.91785301       1.3941175        1.3941175       61155.236            67446.277               -6291.0413
              1       30578.468        75.27988      0.33378907      -19.199845      0.30580386       2.1545265     0.000919383      0.60317631      0.82256709       1.3941175        1.3941175       61154.147            67446.277               -6292.1295
              9       30574.503       74.809758      0.34294929      -19.210364      0.30580386       2.1545265     0.000919383      0.60317631      0.82256709       1.3941175        1.3941175       61146.218            67438.347               -6292.1295
              1       30575.175       74.821611      0.34295905       -19.21053      0.30580386       2.1545265     0.000919383      0.60317631      0.82256709       1.3941175        1.3941175       61147.561             67439.69               -6292.1295
              3       30575.157       74.821611      0.34295905       -19.21053      0.26579931       2.1669757   0.00059999773      0.66300968      0.81914859       1.3941175        1.3941175       61147.525             67439.69               -6292.1656
