#        weight    minuslogpost           H0_gp       omegam_gp            M_gp            d_gp           nu_gp        sigma_gp           zw_gp     sigma_zw_gp   minuslogprior minuslogprior__0            chi2 chi2__panp_gp_sigma2 chi2__panp_gp_sigma2_det
              5       31020.609       71.565275      0.40785973      -19.280685        0.624922       2.1272945    0.0086305284      0.12551563      0.55435203       1.3941175        1.3941175        62038.43            68326.191               -6287.7614
              6       31020.364       71.565275      0.40785973      -19.280685      0.38271878       2.1718337    0.0076740579      0.24720898      0.58381961       1.3941175        1.3941175        62037.94            68326.191               -6288.2514
              2       31019.514       71.565275      0.40785973      -19.280685      0.68742609       2.1371487    0.0058038266      0.40386327      0.77703066       1.3941175        1.3941175        62036.24            68326.191               -6289.9514
              1       31019.493       71.565275      0.40785973      -19.280685        0.671438       2.1188439    0.0057383596      0.38261667      0.81543172       1.3941175        1.3941175       62036.198            68326.191               -6289.9933
              1       30768.149       72.345859      0.38476644      -19.270729        0.671438       2.1188439    0.0057383596      0.38261667      0.81543172       1.3941175        1.3941175       61533.509            67823.502               -6289.9933
              3       30767.362       72.345859      0.38476644      -19.270729      0.78049028       2.0712343    0.0030132522      0.37082106      0.75084679       1.3941175        1.3941175       61531.935            67823.502               -6291.5668
              2       30767.377       72.345859      0.38476644      -19.270729      0.57100793       1.9134795    0.0030561207      0.34898344      0.60688998       1.3941175        1.3941175       61531.965            67823.502               -6291.5367
              2       30767.228       72.345859      0.38476644      -19.270729      0.55243352       1.9128602     0.002238745      0.47081848      0.60974616       1.3941175        1.3941175       61531.668            67823.502               -6291.8342
              3       30768.484       72.345859      0.38476644      -19.270729      0.56132038       1.8661084    0.0065184787      0.54461484      0.74442479       1.3941175        1.3941175       61534.179            67823.502               -6289.3232
              2       30769.642       72.345859      0.38476644      -19.270729      0.61148672       1.8775558    0.0090869429      0.37835945      0.72122883       1.3941175        1.3941175       61536.495            67823.502               -6287.0068
              4       30768.228       72.345859      0.38476644      -19.270729      0.52935587       1.6266833    0.0058843382      0.25562155      0.84627896       1.3941175        1.3941175       61533.667            67823.502               -6289.8354
