#        weight    minuslogpost           H0_gp       omegam_gp            M_gp            d_gp           nu_gp        sigma_gp           zw_gp     sigma_zw_gp   minuslogprior minuslogprior__0            chi2 chi2__panp_gp_sigma2 chi2__panp_gp_sigma2_det
              2       30675.987        73.55895      0.35936672      -19.235458       0.2706483       2.2271961    0.0052772879      0.58977269     0.079437851       1.3941175        1.3941175       61349.186            67639.406               -6290.2197
              3       30675.339        73.55895      0.35936672      -19.235458     0.084221825       2.2311285    0.0029663737      0.66792291      0.16190763       1.3941175        1.3941175        61347.89            67639.406               -6291.5155
             12       30675.783        73.55895      0.35936672      -19.235458     0.051282674        2.199974    0.0044954937       0.6344775      0.20728176       1.3941175        1.3941175       61348.777            67639.406                -6290.628
              1       30675.821        73.55895      0.35936672      -19.235458      0.14467711        2.237221    0.0046874139      0.57740404      0.18139967       1.3941175        1.3941175       61348.854            67639.406               -6290.5519
              7       30675.061        73.55895      0.35936672      -19.235458     0.029892479       2.4074079    0.0012477389      0.46898828      0.43233561       1.3941175        1.3941175       61347.335            67639.406                -6292.071
              6       30619.954       73.705864      0.36293925      -19.237398     0.029892479       2.4074079    0.0012477389      0.46898828      0.43233561       1.3941175        1.3941175       61237.119             67529.19                -6292.071
              1       30619.914       73.705864      0.36293925      -19.237398   0.00072582898       2.4076469   0.00072734887       0.4647802      0.42521276       1.3941175        1.3941175       61237.039             67529.19               -6292.1506
              9       30620.255       73.705864      0.36293925      -19.237398     0.054118663        2.456342    0.0030489343      0.54891888      0.51432444       1.3941175        1.3941175       61237.721             67529.19               -6291.4688
              3        30621.61       73.705864      0.36293925      -19.237398      0.23565651       2.4270831     0.006887338       0.6097367      0.61325607       1.3941175        1.3941175       61240.432             67529.19               -6288.7577
