#        weight    minuslogpost           H0_gp       omegam_gp            M_gp            d_gp           nu_gp        sigma_gp           zw_gp     sigma_zw_gp   minuslogprior minuslogprior__0            chi2 chi2__panp_gp_sigma2 chi2__panp_gp_sigma2_det
              1       34140.379       73.956205      0.31821201      -19.293861      0.42734822       2.3451704    0.0043395744      0.15662759      0.78112704       1.3941175        1.3941175        68277.97            74568.853               -6290.8834
              2        33510.21       73.751289      0.35465697      -19.285537      0.42734822       2.3451704    0.0043395744      0.15662759      0.78112704       1.3941175        1.3941175       67017.632            73308.516               -6290.8834
              2         33510.7       73.751289      0.35465697      -19.285537      0.46374738       2.3596607    0.0057736718      0.25326339      0.83269861       1.3941175        1.3941175       67018.612            73308.516               -6289.9033
              1       33509.743       73.751289      0.35465697      -19.285537        0.873116       2.1864961    0.0023421121      0.20340005      0.91882902       1.3941175        1.3941175       67016.698            73308.516               -6291.8179
             12       33450.472       74.326549      0.35444085      -19.268631        0.873116       2.1864961    0.0023421121      0.20340005      0.91882902       1.3941175        1.3941175       66898.156            73189.973               -6291.8179
              4       32679.863       73.963717      0.37945642      -19.265269        0.873116       2.1864961    0.0023421121      0.20340005      0.91882902       1.3941175        1.3941175       65356.938            71648.756               -6291.8179
              2        30786.55       73.634487       0.3774315      -19.245456        0.873116       2.1864961    0.0023421121      0.20340005      0.91882902       1.3941175        1.3941175       61570.312             67862.13               -6291.8179
              6        30786.53       73.634487       0.3774315      -19.245456      0.86822492       2.1755336    0.0022111018      0.20969639      0.90741995       1.3941175        1.3941175       61570.272             67862.13               -6291.8579
              2       30787.099       73.634487       0.3774315      -19.245456      0.83459505       2.2475737    0.0046947798      0.42837718      0.91310106       1.3941175        1.3941175       61571.409             67862.13               -6290.7208
              3       30786.725       73.634487       0.3774315      -19.245456      0.94013856       2.1347569    0.0032709298       0.5203185       0.5990499       1.3941175        1.3941175       61570.662             67862.13               -6291.4677
