#        weight    minuslogpost           H0_gp       omegam_gp            M_gp            d_gp           nu_gp        sigma_gp           zw_gp     sigma_zw_gp   minuslogprior minuslogprior__0            chi2 chi2__panp_gp_sigma2 chi2__panp_gp_sigma2_det
              1       30831.069       73.248762      0.32304851      -19.271797       0.7381141        2.053207     0.018774645      0.71630422      0.84452829       1.3941175        1.3941175       61659.349            67934.946               -6275.5965
              1       30801.624       72.547589       0.3250041      -19.272848       0.7381141        2.053207     0.018774645      0.71630422      0.84452829       1.3941175        1.3941175        61600.46            67876.056               -6275.5965
              1        30799.19       72.547589       0.3250041      -19.272848      0.57828935        2.049971     0.014485506      0.65432443      0.66393087       1.3941175        1.3941175       61595.591            67876.056               -6280.4654
              3       30705.864       72.676275      0.33678498       -19.27666      0.57828935        2.049971     0.014485506      0.65432443      0.66393087       1.3941175        1.3941175       61408.939            67689.405               -6280.4654
              2       30704.939       72.676275      0.33678498       -19.27666      0.70417898       2.0020532     0.013379299      0.64237793      0.68883993       1.3941175        1.3941175        61407.09            67689.405               -6282.3152
              2        30705.03       72.676275      0.33678498       -19.27666      0.72983038       2.0425152      0.01360167      0.63765911      0.70442273       1.3941175        1.3941175       61407.271            67689.405                -6282.134
              1       30703.947       72.676275      0.33678498       -19.27666      0.80639127       2.0933899     0.011889399       0.8811082      0.51389585       1.3941175        1.3941175       61405.106            67689.405               -6284.2993
              2       30703.073       72.676275      0.33678498       -19.27666      0.75932677       2.0940136     0.010172025      0.96575771      0.65642416       1.3941175        1.3941175       61403.357            67689.405               -6286.0479
              3       30704.954       72.676275      0.33678498       -19.27666      0.66621721       1.9777659     0.013280416      0.96420854      0.71531398       1.3941175        1.3941175       61407.119            67689.405               -6282.2856
              6       30696.954        72.82063      0.33635429      -19.273189      0.66621721       1.9777659     0.013280416      0.96420854      0.71531398       1.3941175        1.3941175       61391.119            67673.405               -6282.2856
              1       30694.471        72.82063      0.33635429      -19.273189      0.76341825        2.039055    0.0089791593      0.85706545       0.7132999       1.3941175        1.3941175       61386.154            67673.405               -6287.2511
              2       30694.911        72.82063      0.33635429      -19.273189      0.88055319        1.941182     0.010013347      0.81127751      0.54499396       1.3941175        1.3941175       61387.035            67673.405               -6286.3704
              1       30694.905        72.82063      0.33635429      -19.273189      0.48468631        1.827151    0.0094958944      0.48872727      0.49643125       1.3941175        1.3941175       61387.021            67673.405               -6286.3837
