#        weight    minuslogpost           H0_gp       omegam_gp            M_gp            d_gp           nu_gp        sigma_gp           zw_gp     sigma_zw_gp   minuslogprior minuslogprior__0            chi2 chi2__panp_gp_sigma2 chi2__panp_gp_sigma2_det
              5       31832.647       72.705252      0.34715159      -19.239844       0.1307047       2.2017263     0.006411044      0.79285309      0.22012883       1.3941175        1.3941175       63662.505             69951.61               -6289.1054
              2       31050.739       73.405651      0.35292297       -19.22972       0.1307047       2.2017263     0.006411044      0.79285309      0.22012883       1.3941175        1.3941175        62098.69            68387.795               -6289.1054
              1       31049.832       73.405651      0.35292297       -19.22972     0.065059621       2.1982605    0.0040631488      0.50332778      0.42305059       1.3941175        1.3941175       62096.876            68387.795               -6290.9193
             10       31049.315       73.405651      0.35292297       -19.22972      0.32232226       2.1742708    0.0024094779       0.1775824     0.039189473       1.3941175        1.3941175       62095.843            68387.795               -6291.9524
              3         31049.3       73.405651      0.35292297       -19.22972      0.34067738       2.1522833    0.0021714397      0.19350646     0.043953229       1.3941175        1.3941175       62095.812            68387.795               -6291.9832
              1       30575.203       74.827849      0.34556581      -19.208908      0.34067738       2.1522833    0.0021714397      0.19350646     0.043953229       1.3941175        1.3941175       61147.617              67439.6               -6291.9832
              6       30575.201       74.827849      0.34556581      -19.208908      0.33983966       2.1527048    0.0021461793      0.19439245     0.044179004       1.3941175        1.3941175       61147.613              67439.6               -6291.9873
              1       30576.699       74.827849      0.34556581      -19.208908      0.21780009       2.1388107    0.0070025489      0.23465468      0.24850835       1.3941175        1.3941175        61150.61              67439.6               -6288.9899
              8        30576.57       74.827849      0.34556581      -19.208908      0.29450452       2.2425933    0.0068024521      0.16871477      0.32608213       1.3941175        1.3941175       61150.353              67439.6               -6289.2477
              3       30576.485       74.827849      0.34556581      -19.208908      0.64284175       2.1922426    0.0066108041      0.26958395      0.42729575       1.3941175        1.3941175       61150.181              67439.6               -6289.4188
