#        weight    minuslogpost           H0_gp       omegam_gp            M_gp            d_gp           nu_gp        sigma_gp           zw_gp     sigma_zw_gp   minuslogprior minuslogprior__0            chi2 chi2__panp_gp_sigma2 chi2__panp_gp_sigma2_det
              1       41268.056       71.781548      0.28660321       -19.22301      0.46303525       2.0855321     0.008131597      0.58634281      0.48834743       1.3941175        1.3941175       82533.325            88821.108               -6287.7839
              3       41267.913       71.781548      0.28660321       -19.22301        0.384241        2.129396    0.0077531025      0.62733273      0.45628929       1.3941175        1.3941175       82533.037            88821.108               -6288.0712
              3       41266.465       71.781548      0.28660321       -19.22301     0.068890047       1.9000078    0.0040287046      0.36745664      0.34811334       1.3941175        1.3941175       82530.141            88821.108               -6290.9671
              2       33888.422       72.580067      0.31629875      -19.231791     0.068890047       1.9000078    0.0040287046      0.36745664      0.34811334       1.3941175        1.3941175       67774.057            74065.024               -6290.9671
              4       33399.297       74.333786      0.31278731      -19.184634     0.068890047       1.9000078    0.0040287046      0.36745664      0.34811334       1.3941175        1.3941175       66795.806            73086.773               -6290.9671
              4       33398.918       74.333786      0.31278731      -19.184634      0.30608747       2.0104411    0.0025200337      0.48080878      0.52590412       1.3941175        1.3941175       66795.049            73086.773               -6291.7242
              2       33398.822       74.333786      0.31278731      -19.184634      0.37897599       2.1164529    0.0019390912      0.52292404      0.47332875       1.3941175        1.3941175       66794.855            73086.773               -6291.9174
              1       33398.817       74.333786      0.31278731      -19.184634      0.36779365       2.1195478    0.0019070685      0.51727531      0.46374079       1.3941175        1.3941175       66794.847            73086.773               -6291.9261
              1       33398.837       74.333786      0.31278731      -19.184634       0.2568278       2.1693351    0.0020229015      0.59421191       0.5520643       1.3941175        1.3941175       66794.886            73086.773               -6291.8863
              1       32278.361       74.260557      0.31561047      -19.196634       0.2568278       2.1693351    0.0020229015      0.59421191       0.5520643       1.3941175        1.3941175       64553.933            70845.819               -6291.8863
              1       32278.414       74.260557      0.31561047      -19.196634       0.2750392       2.2280797    0.0023550377      0.48109539      0.64241243       1.3941175        1.3941175       64554.039            70845.819               -6291.7802
              3       30730.382       74.745065      0.29173226      -19.219503       0.2750392       2.2280797    0.0023550377      0.48109539      0.64241243       1.3941175        1.3941175       61457.976            67749.756               -6291.7802
              3        30730.39       74.745065      0.29173226      -19.219503      0.26619933        2.244927     0.002395798      0.49912216      0.67041856       1.3941175        1.3941175       61457.991            67749.756               -6291.7648
              3       30731.266       74.745065      0.29173226      -19.219503      0.13208204        2.169904     0.005369387      0.56179551       0.6445747       1.3941175        1.3941175       61459.745            67749.756               -6290.0112
              2       30648.689       74.971206      0.30018325      -19.216755      0.13208204        2.169904     0.005369387      0.56179551       0.6445747       1.3941175        1.3941175       61294.589              67584.6               -6290.0112
