#        weight    minuslogpost           H0_gp       omegam_gp            M_gp            d_gp           nu_gp        sigma_gp           zw_gp     sigma_zw_gp   minuslogprior minuslogprior__0            chi2 chi2__panp_gp_sigma2 chi2__panp_gp_sigma2_det
              3       36040.117       70.725156      0.32916558      -19.270559      0.90757645       1.5056029     0.003107126      0.65915505       0.2268598       1.3941175        1.3941175       72077.446            78368.979               -6291.5333
              1       34878.061       70.843114      0.33079068      -19.274137      0.90757645       1.5056029     0.003107126      0.65915505       0.2268598       1.3941175        1.3941175       69753.335            76044.868               -6291.5333
              2       34877.934       70.843114      0.33079068      -19.274137      0.71951358        1.377909     0.002400459      0.71083856      0.18365291       1.3941175        1.3941175       69753.081            76044.868               -6291.7872
              1       32010.582       73.587384      0.31009303      -19.221249      0.71951358        1.377909     0.002400459      0.71083856      0.18365291       1.3941175        1.3941175       64018.377            70310.164               -6291.7872
              2       32010.801       73.587384      0.31009303      -19.221249       0.9485626       1.3948571    0.0035229728      0.86107366      0.22541658       1.3941175        1.3941175       64018.814            70310.164               -6291.3495
              1       30716.334       74.136574      0.31159647       -19.22942       0.9485626       1.3948571    0.0035229728      0.86107366      0.22541658       1.3941175        1.3941175       61429.879            67721.228               -6291.3495
              3       30716.284       74.136574      0.31159647       -19.22942      0.94655596       1.3930367    0.0033009675      0.87120333      0.20192271       1.3941175        1.3941175       61429.779            67721.228               -6291.4497
              4       30716.329       74.136574      0.31159647       -19.22942      0.94938417       1.3826752    0.0035047645      0.86821474      0.19808763       1.3941175        1.3941175        61429.87            67721.228               -6291.3581
              3       30697.838       73.833802      0.30694529      -19.242287      0.94938417       1.3826752    0.0035047645      0.86821474      0.19808763       1.3941175        1.3941175       61392.887            67684.245               -6291.3581
              5       30697.757       73.833802      0.30694529      -19.242287      0.84587407       1.3708353    0.0031204582      0.82354913      0.18192473       1.3941175        1.3941175       61392.725            67684.245               -6291.5207
              1       30675.373       73.699188      0.31426724      -19.244872      0.84587407       1.3708353    0.0031204582      0.82354913      0.18192473       1.3941175        1.3941175       61347.958            67639.479               -6291.5207
              2       30675.056       73.699188      0.31426724      -19.244872       0.7577546       1.4197917   0.00073037397      0.72748145      0.36401704       1.3941175        1.3941175       61347.324            67639.479               -6292.1547
              2       30634.592       74.064577      0.31640023      -19.241494       0.7577546       1.4197917   0.00073037397      0.72748145      0.36401704       1.3941175        1.3941175       61266.396             67558.55               -6292.1547
              6       30634.573       74.064577      0.31640023      -19.241494      0.66279625       1.2754645   0.00010414842       0.6669702      0.32870669       1.3941175        1.3941175       61266.359             67558.55               -6292.1919
              3       30634.573       74.064577      0.31640023      -19.241494      0.53283446       1.4119163   6.7673115e-05       0.5846191      0.38099671       1.3941175        1.3941175       61266.358             67558.55               -6292.1923
              3        30634.58       74.064577      0.31640023      -19.241494      0.58462139       1.4171223   0.00045323992       0.5843218       0.3814846       1.3941175        1.3941175       61266.373             67558.55               -6292.1779
              2       30614.809       75.005869      0.31013126      -19.213257      0.58462139       1.4171223   0.00045323992       0.5843218       0.3814846       1.3941175        1.3941175        61226.83            67519.008               -6292.1779
