#        weight    minuslogpost           H0_gp       omegam_gp            M_gp            d_gp           nu_gp        sigma_gp           zw_gp     sigma_zw_gp   minuslogprior minuslogprior__0            chi2 chi2__panp_gp_sigma2 chi2__panp_gp_sigma2_det
              1       37592.451       75.151477      0.34958751      -19.273134      0.15663299       2.1853872     0.014895709      0.66971242      0.41582126       1.3941175        1.3941175       75182.113            81459.207               -6277.0938
              2       37590.557       75.151477      0.34958751      -19.273134    0.0028069518       1.8355496     0.011930659      0.71236055      0.28112345       1.3941175        1.3941175       75178.325            81459.207               -6280.8819
              4       33210.917       74.659571      0.33681511      -19.261606    0.0028069518       1.8355496     0.011930659      0.71236055      0.28112345       1.3941175        1.3941175       66419.046            72699.928               -6280.8819
              4       33208.538       74.659571      0.33681511      -19.261606      0.45692987       1.7237812     0.010118026      0.57111763      0.26714605       1.3941175        1.3941175       66414.288            72699.928               -6285.6401
              1       33208.562       74.659571      0.33681511      -19.261606      0.43912684       1.7148175     0.010130532      0.55346707      0.28633634       1.3941175        1.3941175       66414.337            72699.928               -6285.5914
              2       31209.483        74.59856       0.3547105      -19.235312      0.43912684       1.7148175     0.010130532      0.55346707      0.28633634       1.3941175        1.3941175       62416.178             68701.77               -6285.5914
              1       31207.537        74.59856       0.3547105      -19.235312      0.54985533       2.0261011    0.0065208231      0.28944985      0.31284139       1.3941175        1.3941175       62412.287             68701.77               -6289.4832
              3       30594.562       75.616546      0.33750702      -19.191281      0.54985533       2.0261011    0.0065208231      0.28944985      0.31284139       1.3941175        1.3941175       61186.335            67475.818               -6289.4832
              2       30594.492       75.616546      0.33750702      -19.191281      0.53396693       2.1416194    0.0065859271      0.26707355      0.18176647       1.3941175        1.3941175       61186.197            67475.818               -6289.6218
              2       30594.344       75.616546      0.33750702      -19.191281      0.41409308       2.0729152    0.0063999989      0.25410023      0.10318999       1.3941175        1.3941175         61185.9            67475.818               -6289.9183
              1       30593.216       75.616546      0.33750702      -19.191281      0.34659009       2.1157259   0.00051668179      0.40128149      0.13372914       1.3941175        1.3941175       61183.644            67475.818               -6292.1742
             12       30582.354       75.513964      0.33672308      -19.190526      0.34659009       2.1157259   0.00051668179      0.40128149      0.13372914       1.3941175        1.3941175        61161.92            67454.094               -6292.1742
