#        weight    minuslogpost           H0_gp       omegam_gp            M_gp            d_gp           nu_gp        sigma_gp           zw_gp     sigma_zw_gp   minuslogprior minuslogprior__0            chi2 chi2__panp_gp_sigma2 chi2__panp_gp_sigma2_det
              1       30797.928       73.149048      0.30025739      -19.262524      0.25060151       1.5071212    0.0042439347       0.3543144      0.66341179       1.3941175        1.3941175       61593.067            67883.935               -6290.8681
              1       30797.862       73.149048      0.30025739      -19.262524      0.19957443       1.5208122    0.0039982518      0.40508959       0.6095957       1.3941175        1.3941175       61592.935            67883.935                    -6291
              3       30716.242       73.332251      0.30239733      -19.264147      0.19957443       1.5208122    0.0039982518      0.40508959       0.6095957       1.3941175        1.3941175       61429.696            67720.696                    -6291
              2       30716.056       73.332251      0.30239733      -19.264147      0.21327656        1.339359    0.0033070004      0.45572959      0.58979087       1.3941175        1.3941175       61429.323            67720.696               -6291.3735
              2       30716.487       73.332251      0.30239733      -19.264147      0.33945449       1.3594287    0.0049189859       0.5161973       0.1050537       1.3941175        1.3941175       61430.186            67720.696               -6290.5103
              5       30715.876       73.332251      0.30239733      -19.264147      0.20481207       1.1638304    0.0024855377      0.66865542     0.069665746       1.3941175        1.3941175       61428.965            67720.696               -6291.7317
              1       30717.823       73.332251      0.30239733      -19.264147      0.44431718       1.0426837     0.007992794      0.81734589     0.094566098       1.3941175        1.3941175       61432.857            67720.696               -6287.8393
              2       30717.976       73.332251      0.30239733      -19.264147      0.49102536       1.0112955    0.0083631669      0.71475875     0.056941227       1.3941175        1.3941175       61433.163            67720.696               -6287.5329
              1        30718.02       73.332251      0.30239733      -19.264147      0.48856859       1.0116144    0.0084460811      0.71350262      0.05931799       1.3941175        1.3941175       61433.252            67720.696               -6287.4438
              7       30716.536       73.332251      0.30239733      -19.264147      0.60909271      0.97647336    0.0050616942       0.6647731      0.35102819       1.3941175        1.3941175       61430.283            67720.696               -6290.4133
              1        30715.85       73.332251      0.30239733      -19.264147      0.71744735      0.62545903     0.002389093      0.68789279      0.22714652       1.3941175        1.3941175       61428.911            67720.696               -6291.7851
              5        30715.71       73.332251      0.30239733      -19.264147      0.76751491      0.68394555    0.0013330115        0.962041      0.11067317       1.3941175        1.3941175       61428.631            67720.696               -6292.0654
