#        weight    minuslogpost           H0_gp       omegam_gp            M_gp            d_gp           nu_gp        sigma_gp           zw_gp     sigma_zw_gp   minuslogprior minuslogprior__0            chi2 chi2__panp_gp_sigma2 chi2__panp_gp_sigma2_det
              5       30690.721       73.693797      0.30971795      -19.255181      0.57750295       2.2026215     0.014470087       0.9882372      0.86399461       1.3941175        1.3941175       61378.653            67659.127               -6280.4744
              4       30687.985       73.693797      0.30971795      -19.255181      0.80937909       2.3411631     0.010396146      0.64032127      0.45041734       1.3941175        1.3941175       61373.183            67659.127               -6285.9447
              3       30688.226       73.693797      0.30971795      -19.255181      0.71878539       2.3598562     0.010699307      0.73430061      0.52872436       1.3941175        1.3941175       61373.663            67659.127               -6285.4643
              1       30687.072       73.693797      0.30971795      -19.255181       0.7514781       2.3065473     0.008443337      0.74753761      0.57886865       1.3941175        1.3941175       61371.357            67659.127               -6287.7707
              1       30685.149       73.693797      0.30971795      -19.255181       0.6114449       2.4783324    0.0028499437      0.64442399      0.55439598       1.3941175        1.3941175       61367.509            67659.127               -6291.6181
              3       30686.348       73.693797      0.30971795      -19.255181        0.644433       2.1656838    0.0067251434      0.53676814      0.48663327       1.3941175        1.3941175       61369.908            67659.127               -6289.2198
              4       30685.259       73.693797      0.30971795      -19.255181      0.93068137       2.0662274     0.003422147      0.75858686      0.57634452       1.3941175        1.3941175        61367.73            67659.127               -6291.3969
             29       30684.888       73.693797      0.30971795      -19.255181      0.96503373        2.046023   0.00087042362      0.56683855       0.8653964       1.3941175        1.3941175       61366.988            67659.127               -6292.1398
              4       30684.895       73.693797      0.30971795      -19.255181      0.95836099       2.1671148   0.00098444746      0.55511101      0.74184172       1.3941175        1.3941175       61367.002            67659.127               -6292.1252
