#        weight    minuslogpost           H0_gp       omegam_gp            M_gp            d_gp           nu_gp        sigma_gp           zw_gp     sigma_zw_gp   minuslogprior minuslogprior__0            chi2 chi2__panp_gp_sigma2 chi2__panp_gp_sigma2_det
              1       32435.216       72.150334       0.3292735      -19.254711      0.42407187        1.834024     0.016468852      0.12946597      0.45386203       1.3941175        1.3941175       64867.645             71145.72               -6278.0754
              1       32433.965       72.150334       0.3292735      -19.254711      0.54882214       1.9843405     0.014555938       0.2901483      0.51948816       1.3941175        1.3941175       64865.142             71145.72                -6280.578
              2        32119.84       74.606948      0.34283105      -19.250825      0.54882214       1.9843405     0.014555938       0.2901483      0.51948816       1.3941175        1.3941175       64236.892             70517.47                -6280.578
              1        32119.74       74.606948      0.34283105      -19.250825      0.54229579       2.1846472     0.015886958       0.1702297      0.24257205       1.3941175        1.3941175       64236.691             70517.47               -6280.7789
              1       31635.573       74.497465      0.34780602       -19.24663      0.54229579       2.1846472     0.015886958       0.1702297      0.24257205       1.3941175        1.3941175       63268.357            69549.136               -6280.7789
              2       30676.635       74.607901      0.33935194      -19.208102      0.54229579       2.1846472     0.015886958       0.1702297      0.24257205       1.3941175        1.3941175       61350.482            67631.261               -6280.7789
              1       30674.208       74.607901      0.33935194      -19.208102      0.45839483       2.2862531     0.010765861      0.26668263      0.22015313       1.3941175        1.3941175       61345.628            67631.261               -6285.6332
              4        30672.56       74.607901      0.33935194      -19.208102      0.46172628       2.1962574    0.0081984487      0.18307132      0.12460173       1.3941175        1.3941175       61342.332            67631.261               -6288.9292
              1       30672.687       74.607901      0.33935194      -19.208102       0.3193624       2.1970658    0.0083968491      0.11473028       0.1835774       1.3941175        1.3941175       61342.587            67631.261               -6288.6743
              1        30672.69       74.607901      0.33935194      -19.208102      0.31044403       2.2091627    0.0087118009       0.1105534      0.15560769       1.3941175        1.3941175       61342.591            67631.261               -6288.6701
              2       30673.775       74.607901      0.33935194      -19.208102       0.3936826       2.3081921     0.013353484      0.11019222     0.088509461       1.3941175        1.3941175       61344.762            67631.261               -6286.4993
              5       30673.078       74.607901      0.33935194      -19.208102      0.51636998       2.3563848     0.011221726      0.12722145     0.089659286       1.3941175        1.3941175       61343.368            67631.261               -6287.8934
             10       30673.041       74.607901      0.33935194      -19.208102     0.023139318       2.7703626    0.0074407549      0.66087159     0.029398245       1.3941175        1.3941175       61343.294            67631.261               -6287.9674
              4       30670.936       74.607901      0.33935194      -19.208102      0.24987465       2.7184237   0.00047429385      0.47637231     0.097755292       1.3941175        1.3941175       61339.084            67631.261               -6292.1767
