#        weight    minuslogpost           H0_gp       omegam_gp            M_gp            d_gp           nu_gp        sigma_gp           zw_gp     sigma_zw_gp   minuslogprior minuslogprior__0            chi2 chi2__panp_gp_sigma2 chi2__panp_gp_sigma2_det
              4       30892.627       72.556629      0.37375541      -19.256046      0.43802439       2.0642854    0.0091490177      0.78836408     0.071744054       1.3941175        1.3941175       61782.465            68069.158               -6286.6932
              1       30890.912       72.556629      0.37375541      -19.256046      0.47924161       1.9223664    0.0054633371      0.64297639      0.21786712       1.3941175        1.3941175       61779.036            68069.158               -6290.1218
              1       30889.924       72.556629      0.37375541      -19.256046      0.41307977       2.0255647    0.0011374374      0.67954593      0.25110905       1.3941175        1.3941175        61777.06            68069.158               -6292.0979
              1       30835.395       72.418938      0.36560728      -19.264214      0.41307977       2.0255647    0.0011374374      0.67954593      0.25110905       1.3941175        1.3941175       61668.003              67960.1               -6292.0979
              5       30835.599       72.418938      0.36560728      -19.264214      0.40074851       2.0260167    0.0026195229      0.77063766      0.43048115       1.3941175        1.3941175       61668.409              67960.1               -6291.6913
              1       30835.605       72.418938      0.36560728      -19.264214      0.41130692       2.0910316    0.0026561119      0.78602428      0.34956325       1.3941175        1.3941175       61668.422              67960.1               -6291.6786
              1       30835.473       72.418938      0.36560728      -19.264214       0.3464037       2.2090403    0.0018401067      0.85031935       0.5043351       1.3941175        1.3941175       61668.159              67960.1               -6291.9419
              5       30835.367       72.418938      0.36560728      -19.264214      0.57936012       2.2107173   0.00071915719      0.91588255      0.54911393       1.3941175        1.3941175       61667.945              67960.1               -6292.1553
              1       30835.579       72.418938      0.36560728      -19.264214      0.61984243       2.1430856    0.0025472856      0.88694532      0.56469994       1.3941175        1.3941175       61668.369              67960.1               -6291.7311
              2       30808.449       73.439678      0.35085472      -19.259757      0.61984243       2.1430856    0.0025472856      0.88694532      0.56469994       1.3941175        1.3941175       61614.109             67905.84               -6291.7311
              5       30808.572       73.439678      0.35085472      -19.259757       0.6486127       2.1661217    0.0031707493      0.91214529      0.58508928       1.3941175        1.3941175       61614.355             67905.84               -6291.4848
              7       30808.531       73.974785      0.34748561      -19.245967       0.6486127       2.1661217    0.0031707493      0.91214529      0.58508928       1.3941175        1.3941175       61614.275             67905.76               -6291.4848
