#        weight    minuslogpost           H0_gp       omegam_gp            M_gp            d_gp           nu_gp        sigma_gp           zw_gp     sigma_zw_gp   minuslogprior minuslogprior__0            chi2 chi2__panp_gp_sigma2 chi2__panp_gp_sigma2_det
              1       30690.027       72.851253      0.35129154      -19.260417      0.68930892         1.54284    0.0043722655      0.34301414      0.15762199       1.3941175        1.3941175       61377.266            67668.259                -6290.993
              1       30690.063       72.851253      0.35129154      -19.260417      0.78532086       1.5611311    0.0044687623      0.37311383      0.19170871       1.3941175        1.3941175       61377.339            67668.259               -6290.9201
              2       30689.869       72.851253      0.35129154      -19.260417      0.75461836       1.5837018     0.003652194      0.41227907      0.21409259       1.3941175        1.3941175       61376.949            67668.259               -6291.3095
              2       30690.027       72.851253      0.35129154      -19.260417      0.74407124       1.6175861    0.0042781674      0.38982156      0.23465821       1.3941175        1.3941175       61377.265            67668.259                -6290.994
              1       30690.981       72.851253      0.35129154      -19.260417      0.71185708       1.5888848    0.0069912985      0.46236065      0.25059658       1.3941175        1.3941175       61379.173            67668.259               -6289.0855
              1       30623.841       74.750927      0.34749315      -19.216608      0.71185708       1.5888848    0.0069912985      0.46236065      0.25059658       1.3941175        1.3941175       61244.894             67533.98               -6289.0855
              1       30624.518       74.750927      0.34749315      -19.216608      0.60320505        1.767137    0.0085233891       0.2579221      0.42767427       1.3941175        1.3941175       61246.248             67533.98               -6287.7314
              2        30624.19       74.750927      0.34749315      -19.216608      0.50727181       1.7927686    0.0076868975      0.29963121       0.4046143       1.3941175        1.3941175       61245.592             67533.98               -6288.3873
              4       30623.218       74.750927      0.34749315      -19.216608      0.48016567       1.6884851    0.0051537091      0.43127414      0.77813897       1.3941175        1.3941175       61243.648             67533.98               -6290.3319
              1         30622.7       74.750927      0.34749315      -19.216608      0.60006857       1.8066932    0.0034186307      0.50216333       0.7869053       1.3941175        1.3941175       61242.611             67533.98               -6291.3684
              4       30622.551       74.750927      0.34749315      -19.216608      0.53484256       1.9571419    0.0027086242      0.54976962      0.85335545       1.3941175        1.3941175       61242.313             67533.98               -6291.6664
              4       30622.577       74.750927      0.34749315      -19.216608      0.54209803       1.9341088    0.0028448912      0.55913671      0.93562184       1.3941175        1.3941175       61242.367             67533.98                -6291.613
              3       30622.692       74.750927      0.34749315      -19.216608      0.59072701       1.9094573    0.0033793147      0.62267852      0.81555033       1.3941175        1.3941175       61242.595             67533.98               -6291.3846
