#        weight    minuslogpost           H0_gp       omegam_gp            M_gp            d_gp           nu_gp        sigma_gp           zw_gp     sigma_zw_gp   minuslogprior minuslogprior__0            chi2 chi2__panp_gp_sigma2 chi2__panp_gp_sigma2_det
              2       31243.263       73.722761      0.31800753      -19.225939      0.77186997       2.0412432    0.0031080124      0.90331182      0.30042413       1.3941175        1.3941175       62483.737             68775.26               -6291.5227
              1       31244.034       73.722761      0.31800753      -19.225939      0.71455005       1.8643846    0.0057480808      0.88320358      0.67372562       1.3941175        1.3941175       62485.279             68775.26               -6289.9809
              4       30795.778       74.258827      0.29255598      -19.247753      0.71455005       1.8643846    0.0057480808      0.88320358      0.67372562       1.3941175        1.3941175       61588.768            67878.749               -6289.9809
              3       30795.152       74.258827      0.29255598      -19.247753      0.61663643        1.824001    0.0036938021      0.91396322       0.6566641       1.3941175        1.3941175       61587.516            67878.749               -6291.2327
              1       30795.369       74.258827      0.29255598      -19.247753      0.70668348       1.7877885    0.0045056616       0.9740145      0.67963784       1.3941175        1.3941175       61587.951            67878.749                -6290.798
              6       30794.771       74.258827      0.29255598      -19.247753      0.72458075       1.6294348    0.0016710662      0.94941153      0.47443265       1.3941175        1.3941175       61586.754            67878.749               -6291.9942
              2       30724.983       74.112996         0.29218      -19.239806      0.72458075       1.6294348    0.0016710662      0.94941153      0.47443265       1.3941175        1.3941175       61447.177            67739.171               -6291.9942
              1       30725.453       74.112996         0.29218      -19.239806      0.48486124       1.4291767     0.003989401      0.71182275      0.63938922       1.3941175        1.3941175       61448.117            67739.171               -6291.0542
              2       30701.638       74.152537      0.29550538      -19.238551      0.48486124       1.4291767     0.003989401      0.71182275      0.63938922       1.3941175        1.3941175       61400.488            67691.542               -6291.0542
              1       30701.119       74.152537      0.29550538      -19.238551      0.34197597       1.3310094    0.0011589409      0.93158458      0.71933695       1.3941175        1.3941175        61399.45            67691.542               -6292.0924
              2       30701.118       74.152537      0.29550538      -19.238551      0.41332881       1.2239283    0.0011513746      0.93527902      0.61897997       1.3941175        1.3941175       61399.448            67691.542               -6292.0946
              7       30701.905       74.152537      0.29550538      -19.238551      0.46401611      0.77848359    0.0048200995      0.76194664      0.95316843       1.3941175        1.3941175       61401.022            67691.542               -6290.5207
              1       30702.162       74.152537      0.29550538      -19.238551      0.36307275      0.83390062    0.0054865019      0.83992057      0.98850112       1.3941175        1.3941175       61401.535            67691.542               -6290.0072
              3       30701.981       74.152537      0.29550538      -19.238551      0.40701813      0.83278709    0.0050191803      0.91678307      0.91305843       1.3941175        1.3941175       61401.174            67691.542               -6290.3688
              3       30685.303       74.236764      0.29622518      -19.239304      0.40701813      0.83278709    0.0050191803      0.91678307      0.91305843       1.3941175        1.3941175       61367.817            67658.186               -6290.3688
              7       30685.169       74.236764      0.29622518      -19.239304      0.52348805       1.1687214    0.0046884717      0.77537895      0.79375712       1.3941175        1.3941175        61367.55            67658.186               -6290.6363
