#        weight    minuslogpost           H0_gp       omegam_gp            M_gp            d_gp           nu_gp        sigma_gp           zw_gp     sigma_zw_gp   minuslogprior minuslogprior__0            chi2 chi2__panp_gp_sigma2 chi2__panp_gp_sigma2_det
              3       30645.165       73.475528      0.32406266      -19.252205      0.10779514       1.5391704     0.010437477      0.55074022      0.94549926       1.3941175        1.3941175       61287.542            67571.667               -6284.1253
              3       30644.822       73.475528      0.32406266      -19.252205       0.2541756       1.6287417     0.010333151      0.48755914      0.78945006       1.3941175        1.3941175       61286.855            67571.667               -6284.8116
              1       30644.917       73.475528      0.32406266      -19.252205      0.23833188       1.6258185     0.010436633      0.50480839      0.79382858       1.3941175        1.3941175       61287.045            67571.667               -6284.6215
              9       30643.738       73.475528      0.32406266      -19.252205      0.29909174       1.3614574    0.0086306634      0.49426841      0.84548471       1.3941175        1.3941175       61284.687            67571.667               -6286.9798
              7       30641.191       73.475528      0.32406266      -19.252205      0.53101062      0.92335904    0.0012793093      0.38758463      0.79456207       1.3941175        1.3941175       61279.593            67571.667               -6292.0738
              3        30641.15       73.475528      0.32406266      -19.252205      0.84985852       1.1028156   0.00073556642      0.47067422      0.76035733       1.3941175        1.3941175       61279.513            67571.667               -6292.1544
             12       30642.564       73.475528      0.32406266      -19.252205      0.81212443        1.091298    0.0066069302      0.73357911       0.9699591       1.3941175        1.3941175        61282.34            67571.667               -6289.3271
              3       30642.105       73.475528      0.32406266      -19.252205      0.86150003       1.1135589    0.0054083988      0.53072109      0.75622542       1.3941175        1.3941175       61281.422            67571.667               -6290.2446
              4       30642.131       73.475528      0.32406266      -19.252205      0.86581274       1.1150956    0.0054858464       0.5313304      0.75594544       1.3941175        1.3941175       61281.474            67571.667               -6290.1927
