#        weight    minuslogpost           H0_gp       omegam_gp            M_gp            d_gp           nu_gp        sigma_gp           zw_gp     sigma_zw_gp   minuslogprior minuslogprior__0            chi2 chi2__panp_gp_sigma2 chi2__panp_gp_sigma2_det
              1       32641.475       74.204354      0.31599274      -19.274504      0.24018005       2.0660541    0.0075321341      0.73703305      0.54269627       1.3941175        1.3941175       65280.162            71568.272               -6288.1101
              2       32640.475       74.204354      0.31599274      -19.274504      0.34867923       2.0802594    0.0053830725      0.69922572      0.69987778       1.3941175        1.3941175       65278.161            71568.272               -6290.1113
              3       32640.358       74.204354      0.31599274      -19.274504      0.30278832       1.8507562    0.0050370493      0.61693805      0.72913514       1.3941175        1.3941175       65277.928            71568.272               -6290.3443
              1       32640.848       74.204354      0.31599274      -19.274504      0.40683061       1.8238875    0.0063533763       0.6546175      0.70822834       1.3941175        1.3941175       65278.908            71568.272               -6289.3643
              2        31249.06       73.810881      0.34996369      -19.259671      0.40683061       1.8238875    0.0063533763       0.6546175      0.70822834       1.3941175        1.3941175       62495.333            68784.697               -6289.3643
              1       31249.934       73.810881      0.34996369      -19.259671       0.3975729       1.9293762    0.0081983483      0.60988462      0.72915873       1.3941175        1.3941175       62497.081            68784.697               -6287.6163
              2       31250.108       73.810881      0.34996369      -19.259671      0.38901663       1.9207812     0.008514552      0.61542067      0.76054333       1.3941175        1.3941175       62497.427            68784.697               -6287.2694
              1       31249.928       73.810881      0.34996369      -19.259671      0.29762103       1.9739245    0.0080546404      0.75354815      0.73801324       1.3941175        1.3941175       62497.067            68784.697               -6287.6295
              5       30745.805       74.919415      0.36323941      -19.190921      0.29762103       1.9739245    0.0080546404      0.75354815      0.73801324       1.3941175        1.3941175       61488.822            67776.452               -6287.6295
              1       30667.891       75.396233      0.37450693      -19.180185      0.29762103       1.9739245    0.0080546404      0.75354815      0.73801324       1.3941175        1.3941175       61332.994            67620.624               -6287.6295
              1       30667.735       75.396233      0.37450693      -19.180185      0.25151992       1.9630218    0.0077018997      0.80675399      0.58623351       1.3941175        1.3941175       61332.682            67620.624                -6287.942
              1        30665.62       75.396233      0.37450693      -19.180185        0.664305       1.8850981   0.00054880655      0.94603996       0.5674405       1.3941175        1.3941175       61328.453            67620.624                -6292.171
              3       30665.642       75.396233      0.37450693      -19.180185      0.75651157       2.1876211   0.00095873813      0.97914104      0.52025971       1.3941175        1.3941175       61328.496            67620.624               -6292.1274
             12       30665.641       75.396233      0.37450693      -19.180185      0.77907227        2.190264   0.00094167406      0.98520542      0.50028551       1.3941175        1.3941175       61328.494            67620.624               -6292.1298
              4       30665.611       75.396233      0.37450693      -19.180185      0.72120907        2.180895   0.00019966255      0.98504629      0.59057402       1.3941175        1.3941175       61328.434            67620.624               -6292.1898
              3        30665.61       75.396233      0.37450693      -19.180185      0.73148525       2.1911793   2.4009563e-05      0.98086102      0.59246897       1.3941175        1.3941175       61328.431            67620.624               -6292.1926
              3       30665.814       75.396233      0.37450693      -19.180185      0.70153232       2.2376072    0.0024061955      0.96096373      0.67044569       1.3941175        1.3941175        61328.84            67620.624               -6291.7837
