#        weight    minuslogpost           H0_gp       omegam_gp            M_gp            d_gp           nu_gp        sigma_gp           zw_gp     sigma_zw_gp   minuslogprior minuslogprior__0            chi2 chi2__panp_gp_sigma2 chi2__panp_gp_sigma2_det
              1       31218.529       72.752367      0.35161519      -19.288285      0.39172034        1.643657    0.0034135124      0.43455419      0.30496731       1.3941175        1.3941175       62434.269            68725.632               -6291.3631
              1       31218.893       72.752367      0.35161519      -19.288285       0.4147158       1.6666949    0.0048239123      0.36713327      0.19554153       1.3941175        1.3941175       62434.999            68725.632               -6290.6336
              2       31173.493       72.751137      0.35132851      -19.287508       0.4147158       1.6666949    0.0048239123      0.36713327      0.19554153       1.3941175        1.3941175       62344.197            68634.831               -6290.6336
              2       30719.351       73.217669       0.3766559      -19.253493       0.4147158       1.6666949    0.0048239123      0.36713327      0.19554153       1.3941175        1.3941175       61435.914            67726.548               -6290.6336
              3       30719.887       73.217669       0.3766559      -19.253493      0.47286081       1.6980213    0.0062826505      0.48833948      0.15694064       1.3941175        1.3941175       61436.985            67726.548               -6289.5624
              1       30686.129       72.948477       0.3648081      -19.261865      0.47286081       1.6980213    0.0062826505      0.48833948      0.15694064       1.3941175        1.3941175        61369.47            67659.032               -6289.5624
              2       30685.735       72.948477       0.3648081      -19.261865      0.61434971       1.5612673    0.0054233057      0.37959074      0.13137337       1.3941175        1.3941175       61368.681            67659.032               -6290.3509
              2       30685.908       72.948477       0.3648081      -19.261865      0.59313739       1.5998584    0.0062556557      0.29609519     0.091025896       1.3941175        1.3941175       61369.028            67659.032               -6290.0043
              6        30679.35       72.856196      0.36529124       -19.26147      0.59313739       1.5998584    0.0062556557      0.29609519     0.091025896       1.3941175        1.3941175       61355.912            67645.916               -6290.0043
              7       30678.389       72.856196      0.36529124       -19.26147      0.33399095       1.8568288     0.001944215      0.52943334      0.06860876       1.3941175        1.3941175        61353.99            67645.916               -6291.9262
              2       30678.369       72.856196      0.36529124       -19.26147      0.51377406       1.8111533    0.0018875727      0.36443354     0.072740327       1.3941175        1.3941175       61353.949            67645.916               -6291.9675
              3       30678.317       72.856196      0.36529124       -19.26147       0.4906684       1.6616508     0.001317583      0.40137571      0.22932567       1.3941175        1.3941175       61353.845            67645.916               -6292.0713
              1        30678.27       72.856196      0.36529124       -19.26147      0.18647285       1.6882944   0.00065025255      0.11395101      0.35279783       1.3941175        1.3941175       61353.752            67645.916               -6292.1645
              3        30678.29       72.856196      0.36529124       -19.26147      0.18879181       1.6326286   0.00097994813      0.14922313      0.48125245       1.3941175        1.3941175       61353.792            67645.916               -6292.1243
