#        weight    minuslogpost           H0_gp       omegam_gp            M_gp            d_gp           nu_gp        sigma_gp           zw_gp     sigma_zw_gp   minuslogprior minuslogprior__0            chi2 chi2__panp_gp_sigma2 chi2__panp_gp_sigma2_det
              1       44675.468       75.121718      0.29592632      -19.318868       0.3232747       1.8861695    0.0055195375      0.25569516      0.78891666       1.3941175        1.3941175       89348.148            95638.175               -6290.0268
              2       44675.487       75.121718      0.29592632      -19.318868      0.14765941       2.0342402    0.0054083668      0.50041376      0.76890263       1.3941175        1.3941175       89348.186            95638.175               -6289.9897
              2       44675.566       75.121718      0.29592632      -19.318868      0.16254469        2.033313    0.0056183931      0.50368215      0.68460244       1.3941175        1.3941175       89348.344            95638.175               -6289.8309
              1        37222.57       74.671022      0.28798587      -19.300327      0.16254469        2.033313    0.0056183931      0.50368215      0.68460244       1.3941175        1.3941175       74442.351            80732.182               -6289.8309
              3       32830.543       72.336501      0.30237982       -19.33255      0.16254469        2.033313    0.0056183931      0.50368215      0.68460244       1.3941175        1.3941175       65658.298            71948.129               -6289.8309
              2       31892.556       70.910707      0.29258843      -19.312873      0.16254469        2.033313    0.0056183931      0.50368215      0.68460244       1.3941175        1.3941175       63782.324            70072.154               -6289.8309
              8        31891.52       70.910707      0.29258843      -19.312873      0.26644162       2.1034675     0.001967315      0.42507483      0.84216852       1.3941175        1.3941175       63780.251            70072.154               -6291.9035
              1       31892.093       70.910707      0.29258843      -19.312873      0.31564183       1.9918481    0.0044367676      0.51056858      0.85812794       1.3941175        1.3941175       63781.399            70072.154               -6290.7558
              2       31892.676       70.910707      0.29258843      -19.312873      0.29827109       2.0024107     0.006012266      0.48241961      0.79471032       1.3941175        1.3941175       63782.563            70072.154               -6289.5917
              1       31258.088       70.269105      0.29136659        -19.3557      0.29827109       2.0024107     0.006012266      0.48241961      0.79471032       1.3941175        1.3941175       62513.387            68802.978               -6289.5917
              2       31257.836       70.269105      0.29136659        -19.3557      0.43226231       1.9459155    0.0054746484      0.35267309      0.79440929       1.3941175        1.3941175       62512.884            68802.978               -6290.0944
              4       31249.557       70.458676      0.29346849      -19.357771      0.43226231       1.9459155    0.0054746484      0.35267309      0.79440929       1.3941175        1.3941175       62496.325             68786.42               -6290.0944
              3       31249.002       70.458676      0.29346849      -19.357771      0.47876718       1.6688798    0.0037408772      0.30436159      0.69184739       1.3941175        1.3941175       62495.216             68786.42               -6291.2038
              3       31249.182       70.458676      0.29346849      -19.357771      0.50097417       1.6410519    0.0043940484      0.34839157      0.57378978       1.3941175        1.3941175       62495.575             68786.42                -6290.845
              2       31248.659       70.458676      0.29346849      -19.357771      0.32391722       1.8214998    0.0020593668       0.2639961      0.41566896       1.3941175        1.3941175       62494.529             68786.42                -6291.891
              1       31249.604       70.458676      0.29346849      -19.357771      0.24863893       1.7953343    0.0056721686      0.18373076      0.40923153       1.3941175        1.3941175        62496.42             68786.42               -6290.0004
