#        weight    minuslogpost           H0_gp       omegam_gp            M_gp            d_gp           nu_gp        sigma_gp           zw_gp     sigma_zw_gp   minuslogprior minuslogprior__0            chi2 chi2__panp_gp_sigma2 chi2__panp_gp_sigma2_det
              3       32231.088       72.065114      0.32799853      -19.327927      0.80022582       2.2553022    0.0096759558      0.45330066      0.11756734       1.3941175        1.3941175       64459.388            70746.397               -6287.0093
              2       32230.737       72.065114      0.32799853      -19.327927       0.6521604       2.2255437    0.0088436087      0.39321868        0.126509       1.3941175        1.3941175       64458.686            70746.397                -6287.711
              2        32229.12       72.065114      0.32799853      -19.327927      0.71904738        2.255006    0.0050143908       0.3107589     0.015012962       1.3941175        1.3941175       64455.453            70746.397               -6290.9444
              2        31145.18        70.43747      0.31116605      -19.342094      0.71904738        2.255006    0.0050143908       0.3107589     0.015012962       1.3941175        1.3941175       62287.572            68578.516               -6290.9444
              2        31144.75        70.43747      0.31116605      -19.342094      0.61281485       2.2375125    0.0025253019      0.35433484     0.062492927       1.3941175        1.3941175       62286.711            68578.516                -6291.805
              9       31144.759        70.43747      0.31116605      -19.342094      0.61969996       2.5838726    0.0024490851      0.32266237      0.30523834       1.3941175        1.3941175       62286.729            68578.516               -6291.7869
              1       31146.225        70.43747      0.31116605      -19.342094      0.66937352       2.8538549    0.0071912058      0.56203858       0.5326721       1.3941175        1.3941175       62289.662            68578.516               -6288.8537
              5       31035.547       70.724078      0.31614477      -19.338759      0.66937352       2.8538549    0.0071912058      0.56203858       0.5326721       1.3941175        1.3941175       62068.306             68357.16               -6288.8537
              8       31034.769       70.724078      0.31614477      -19.338759      0.51811797       2.9690526    0.0051287457      0.13516522      0.90527913       1.3941175        1.3941175        62066.75             68357.16               -6290.4096
              1       31024.779       70.742466      0.31799637      -19.337773      0.51811797       2.9690526    0.0051287457      0.13516522      0.90527913       1.3941175        1.3941175        62046.77            68337.179               -6290.4096
              2       31024.894       70.742466      0.31799637      -19.337773      0.53245336       2.9727456    0.0054773265       0.1258222      0.89878931       1.3941175        1.3941175       62046.999            68337.179                 -6290.18
              3       31024.286       70.742466      0.31799637      -19.337773      0.62185356       2.9548376    0.0034144063      0.16484984      0.80791044       1.3941175        1.3941175       62045.784            68337.179               -6291.3954
              2       31023.887       70.742466      0.31799637      -19.337773      0.57829364       2.6702556   3.6297669e-05      0.22233134      0.37639733       1.3941175        1.3941175       62044.987            68337.179               -6292.1926
