#        weight    minuslogpost           H0_gp       omegam_gp            M_gp            d_gp           nu_gp        sigma_gp           zw_gp     sigma_zw_gp   minuslogprior minuslogprior__0            chi2 chi2__panp_gp_sigma2 chi2__panp_gp_sigma2_det
              1       31648.656       71.808069      0.30747411      -19.282169       0.4259499       1.8830191     0.002947246      0.66192444      0.39007959       1.3941175        1.3941175       63294.523            69586.086                -6291.563
              3       31648.351       71.808069      0.30747411      -19.282169      0.45029668       1.9461763   0.00053983471      0.58708903      0.31335922       1.3941175        1.3941175       63293.914            69586.086               -6292.1714
              1       31650.828       71.808069      0.30747411      -19.282169      0.77615019       2.0352239     0.009235888       0.5322373      0.12563349       1.3941175        1.3941175       63298.869            69586.086               -6287.2172
              7       31593.109        71.90954      0.30656184      -19.280137      0.77615019       2.0352239     0.009235888       0.5322373      0.12563349       1.3941175        1.3941175       63183.431            69470.648               -6287.2172
              4       31522.312       72.006496      0.31212159      -19.276379      0.77615019       2.0352239     0.009235888       0.5322373      0.12563349       1.3941175        1.3941175       63041.837            69329.054               -6287.2172
              2       31522.066       72.006496      0.31212159      -19.276379      0.89248434        2.318716    0.0090206478       0.2787885      0.29947889       1.3941175        1.3941175       63041.343            69329.054               -6287.7106
              2       31522.095       72.006496      0.31212159      -19.276379      0.97960718       2.2667795     0.010129594      0.17306023      0.18986983       1.3941175        1.3941175       63041.403            69329.054               -6287.6512
              2       31191.438       71.659398      0.27712888      -19.309712      0.97960718       2.2667795     0.010129594      0.17306023      0.18986983       1.3941175        1.3941175       62380.088            68667.739               -6287.6512
              1       31088.092       71.545804      0.27977884      -19.318508      0.97960718       2.2667795     0.010129594      0.17306023      0.18986983       1.3941175        1.3941175       62173.396            68461.047               -6287.6512
              2       31088.153       71.545804      0.27977884      -19.318508      0.98109838       2.2972296    0.0099528933      0.16244325      0.25210391       1.3941175        1.3941175       62173.519            68461.047               -6287.5289
              4       30978.055       72.373036      0.27508737      -19.299913      0.98109838       2.2972296    0.0099528933      0.16244325      0.25210391       1.3941175        1.3941175       61953.321             68240.85               -6287.5289
              4       30976.493       72.373036      0.27508737      -19.299913      0.95659377       2.3789696    0.0050740231      0.32177344      0.20015634       1.3941175        1.3941175       61950.198             68240.85               -6290.6524
              1        30965.17       72.754686      0.27847571      -19.279636      0.95659377       2.3789696    0.0050740231      0.32177344      0.20015634       1.3941175        1.3941175       61927.551            68218.203               -6290.6524
              6       30965.171       72.754686      0.27847571      -19.279636      0.94818406       2.3573112    0.0050922186      0.50826741     0.015468722       1.3941175        1.3941175       61927.554            68218.203               -6290.6489
