#        weight    minuslogpost           H0_gp       omegam_gp            M_gp            d_gp           nu_gp        sigma_gp           zw_gp     sigma_zw_gp   minuslogprior minuslogprior__0            chi2 chi2__panp_gp_sigma2 chi2__panp_gp_sigma2_det
              2       34711.844       73.298824      0.31288766      -19.205032      0.44809737       2.0587035    0.0087290941      0.18912136      0.87811324       1.3941175        1.3941175       69420.899            75708.124               -6287.2253
              1       32157.954       74.790674      0.30357854      -19.255572      0.44809737       2.0587035    0.0087290941      0.18912136      0.87811324       1.3941175        1.3941175       64313.121            70600.346               -6287.2253
              3       32126.772       74.978027       0.3031231      -19.249989      0.44809737       2.0587035    0.0087290941      0.18912136      0.87811324       1.3941175        1.3941175       64250.755            70537.981               -6287.2253
              2       32126.508       74.978027       0.3031231      -19.249989      0.45965285         2.06325    0.0082178324      0.20386586       0.8811436       1.3941175        1.3941175       64250.228            70537.981               -6287.7525
              3       30952.138       74.606233      0.27949505      -19.244947      0.45965285         2.06325    0.0082178324      0.20386586       0.8811436       1.3941175        1.3941175       61901.488            68189.241               -6287.7525
              1        30952.21       74.606233      0.27949505      -19.244947      0.53976786       1.6802685     0.008369644      0.44439451      0.82524445       1.3941175        1.3941175       61901.631            68189.241               -6287.6092
              3        30725.64       74.437028      0.28942013      -19.238269      0.53976786       1.6802685     0.008369644      0.44439451      0.82524445       1.3941175        1.3941175       61448.491              67736.1               -6287.6092
              1       30725.151       74.437028      0.28942013      -19.238269       0.5180636       1.6497281    0.0073359194      0.39073415      0.83355127       1.3941175        1.3941175       61447.514              67736.1               -6288.5862
              3       30725.221       74.437028      0.28942013      -19.238269       0.6479233       1.6456852    0.0076166872      0.34061517      0.78421426       1.3941175        1.3941175       61447.655              67736.1               -6288.4457
              2       30724.662       74.437028      0.28942013      -19.238269      0.44643287       1.6787688    0.0062462111       0.1909018      0.64406919       1.3941175        1.3941175       61446.536              67736.1               -6289.5645
              3       30700.558       74.489192      0.29346893      -19.235375      0.44643287       1.6787688    0.0062462111       0.1909018      0.64406919       1.3941175        1.3941175       61398.328            67687.893               -6289.5645
              4        30700.63       74.489192      0.29346893      -19.235375      0.45336041       1.6884591    0.0064317654       0.1937695      0.63155357       1.3941175        1.3941175       61398.472            67687.893               -6289.4205
              3       30699.881       74.488799      0.29350135        -19.2353      0.45336041       1.6884591    0.0064317654       0.1937695      0.63155357       1.3941175        1.3941175       61396.974            67686.395               -6289.4205
