#        weight    minuslogpost           H0_gp       omegam_gp            M_gp            d_gp           nu_gp        sigma_gp           zw_gp     sigma_zw_gp   minuslogprior minuslogprior__0            chi2 chi2__panp_gp_sigma2 chi2__panp_gp_sigma2_det
              3       30612.316       74.332704      0.31662405      -19.229748      0.27394065       1.8389496   0.00098483832      0.65284094      0.28475497       1.3941175        1.3941175       61221.844            67513.964               -6292.1202
              1       30612.323       74.332704      0.31662405      -19.229748      0.27516804       1.8348584    0.0010764342      0.65856929      0.28236608       1.3941175        1.3941175       61221.858            67513.964               -6292.1061
              5        30612.31       74.332704      0.31662405      -19.229748      0.32865049       1.8136657   0.00089723707      0.64821556      0.32218185       1.3941175        1.3941175       61221.831            67513.964               -6292.1329
              1        30612.53       74.332704      0.31662405      -19.229748      0.23195669       1.7777524    0.0025833209      0.77301541      0.29827406       1.3941175        1.3941175       61222.272            67513.964               -6291.6915
              2       30612.336       74.332704      0.31662405      -19.229748      0.34316265       1.7024377    0.0012354705      0.81587034      0.17311721       1.3941175        1.3941175       61221.884            67513.964               -6292.0796
             10        30612.29       74.332704      0.31662405      -19.229748       0.4462333        1.948184   0.00053896241      0.96745538      0.10368837       1.3941175        1.3941175       61221.792            67513.964               -6292.1714
             22       30612.294       74.332704      0.31662405      -19.229748      0.40728563       1.7785789   0.00062744271      0.93753371       0.1957737       1.3941175        1.3941175         61221.8            67513.964               -6292.1637
              5       30612.284       74.332704      0.31662405      -19.229748      0.20024404       1.7726467   0.00034326361      0.47375531      0.33318332       1.3941175        1.3941175        61221.78            67513.964               -6292.1838
              4        30612.28       74.332704      0.31662405      -19.229748      0.20904634       1.7687885   2.2093983e-05      0.51568148      0.29621297       1.3941175        1.3941175       61221.771            67513.964               -6292.1926
