#        weight    minuslogpost           H0_gp       omegam_gp            M_gp            d_gp           nu_gp        sigma_gp           zw_gp     sigma_zw_gp   minuslogprior minuslogprior__0            chi2 chi2__panp_gp_sigma2 chi2__panp_gp_sigma2_det
              5        30631.52       73.502393      0.33447991      -19.252257      0.75437943       2.1984361     0.012456682      0.29703224     0.010342548       1.3941175        1.3941175       61260.251            67546.675               -6286.4236
              1       30631.535       73.502393      0.33447991      -19.252257      0.79624456        2.020796     0.010646643      0.48437578     0.010408264       1.3941175        1.3941175       61260.281            67546.675               -6286.3934
              2       30631.576       73.502393      0.33447991      -19.252257      0.80455787       2.0237419     0.010699343      0.48721745     0.016122343       1.3941175        1.3941175       61260.364            67546.675               -6286.3111
              3       30629.601       73.502393      0.33447991      -19.252257      0.78323463       1.8209696    0.0053930607      0.72186944      0.26094333       1.3941175        1.3941175       61256.413            67546.675               -6290.2612
              1       30629.704       73.502393      0.33447991      -19.252257      0.74918361       1.6804828    0.0056816879      0.77769435     0.020975134       1.3941175        1.3941175       61256.619            67546.675               -6290.0553
              4        30629.77       73.502393      0.33447991      -19.252257      0.74181758       1.6751425     0.005863022      0.77290364     0.025822863       1.3941175        1.3941175       61256.752            67546.675               -6289.9228
              2       30629.601       73.502393      0.33447991      -19.252257      0.91072818       1.6901409    0.0054421776      0.84375762      0.07747319       1.3941175        1.3941175       61256.413            67546.675               -6290.2616
              1       30609.437       73.698817       0.3378822      -19.242677      0.91072818       1.6901409    0.0054421776      0.84375762      0.07747319       1.3941175        1.3941175       61216.087            67506.348               -6290.2616
              5        30610.71       73.698817       0.3378822      -19.242677      0.89106721       1.6821273    0.0086149877      0.89279162      0.10156533       1.3941175        1.3941175       61218.632            67506.348               -6287.7162
              1        30611.13       73.698817       0.3378822      -19.242677      0.75549599        1.593054    0.0093393834      0.86312268      0.15472119       1.3941175        1.3941175       61219.472            67506.348               -6286.8766
              2       30611.045       73.698817       0.3378822      -19.242677      0.74861639       1.6226268     0.009159533      0.86220565      0.21943976       1.3941175        1.3941175       61219.302            67506.348               -6287.0462
              1       30611.062       73.698817       0.3378822      -19.242677      0.63770278       1.7101695    0.0090816326      0.79835619      0.14453603       1.3941175        1.3941175       61219.335            67506.348               -6287.0133
              1       30608.899       73.698817       0.3378822      -19.242677      0.52047336       1.7056075    0.0034642642      0.98264438      0.11293079       1.3941175        1.3941175       61215.011            67506.348               -6291.3376
              3       30600.059       74.650888      0.36268071      -19.211481      0.52047336       1.7056075    0.0034642642      0.98264438      0.11293079       1.3941175        1.3941175        61197.33            67488.668               -6291.3376
              6       30599.701       74.650888      0.36268071      -19.211481      0.34887522       1.6796585    0.0013629948      0.93751066      0.36853244       1.3941175        1.3941175       61196.613            67488.668               -6292.0547
