#        weight    minuslogpost           H0_gp       omegam_gp            M_gp            d_gp           nu_gp        sigma_gp           zw_gp     sigma_zw_gp   minuslogprior minuslogprior__0            chi2 chi2__panp_gp_sigma2 chi2__panp_gp_sigma2_det
              1       32798.809       72.605217      0.33369985      -19.235693      0.38189782       1.8371827    0.0064868898      0.98130262     0.054780033       1.3941175        1.3941175        65594.83            71884.073               -6289.2429
              1       31193.883       72.865911      0.34066169      -19.246593      0.38189782       1.8371827    0.0064868898      0.98130262     0.054780033       1.3941175        1.3941175       62384.978             68674.22               -6289.2429
              2       31193.066       72.865911      0.34066169      -19.246593      0.38811121       1.9043281    0.0042742328      0.98130315     0.074085483       1.3941175        1.3941175       62383.343             68674.22               -6290.8771
              1       30916.526       74.659112      0.34416466      -19.197635      0.38811121       1.9043281    0.0042742328      0.98130315     0.074085483       1.3941175        1.3941175       61830.263             68121.14               -6290.8771
              2       30576.082       74.992475      0.33655549      -19.207358      0.38811121       1.9043281    0.0042742328      0.98130315     0.074085483       1.3941175        1.3941175       61149.377            67440.254               -6290.8771
              1       30576.854       74.992475      0.33655549      -19.207358      0.57950339       1.7654154    0.0065212446      0.96405319     0.087696147       1.3941175        1.3941175       61150.921            67440.254                -6289.333
              1       30576.587       74.992475      0.33655549      -19.207358      0.54834906       1.7253686    0.0058255749      0.97139292     0.061510598       1.3941175        1.3941175       61150.386            67440.254               -6289.8675
              5       30576.494       74.992475      0.33655549      -19.207358      0.39834854       1.6389429     0.005489181      0.73974522       0.3683099       1.3941175        1.3941175       61150.201            67440.254               -6290.0531
              3       30575.425       74.992475      0.33655549      -19.207358      0.54644487       1.6760337   0.00014486511      0.59691159      0.30857179       1.3941175        1.3941175       61148.063            67440.254               -6292.1912
              1       30575.753       74.992475      0.33655549      -19.207358      0.47405131       1.6582724    0.0030288248       0.5642152      0.28408981       1.3941175        1.3941175       61148.717            67440.254               -6291.5367
              2       30575.723       74.992475      0.33655549      -19.207358      0.44482511       1.6845088    0.0028805638      0.54052796      0.34372174       1.3941175        1.3941175       61148.658            67440.254               -6291.5956
              3       30575.916       74.992475      0.33655549      -19.207358      0.51541364       1.6126805    0.0037269502       0.5277781      0.42245859       1.3941175        1.3941175       61149.044            67440.254               -6291.2094
              3       30576.027       74.992475      0.33655549      -19.207358      0.68653603       1.6369796    0.0042197696      0.53693001      0.18162412       1.3941175        1.3941175       61149.265            67440.254               -6290.9884
              2       30576.057       74.992475      0.33655549      -19.207358      0.73555966       1.6163144    0.0043418778      0.51587498      0.21005584       1.3941175        1.3941175       61149.326            67440.254               -6290.9278
              4       30575.487       74.992475      0.33655549      -19.207358      0.65248658       1.2101374     0.001323496       0.7204325     0.090462895       1.3941175        1.3941175       61148.186            67440.254               -6292.0677
