#        weight    minuslogpost           H0_gp       omegam_gp            M_gp            d_gp           nu_gp        sigma_gp           zw_gp     sigma_zw_gp   minuslogprior minuslogprior__0            chi2 chi2__panp_gp_sigma2 chi2__panp_gp_sigma2_det
              1        30659.73       74.105403      0.31706301      -19.242486      0.58152249       2.2096176     0.010302567      0.54232705      0.66645561       1.3941175        1.3941175       61316.672            67602.325               -6285.6528
              1       30656.599       74.105403      0.31706301      -19.242486      0.47518532       2.1439082    0.0020291902      0.29940464      0.24939789       1.3941175        1.3941175       61310.411            67602.325               -6291.9146
              1       30657.229       74.105403      0.31706301      -19.242486      0.36557087       1.9821247    0.0047723454      0.42979832      0.12879426       1.3941175        1.3941175        61311.67            67602.325               -6290.6551
              2       30656.661       74.105403      0.31706301      -19.242486      0.34074563       1.9529497    0.0023634138      0.48114203      0.18618585       1.3941175        1.3941175       61310.533            67602.325               -6291.7925
              2       30656.861       74.105403      0.31706301      -19.242486     0.073497361       2.0004844    0.0032631701      0.41344553       0.2559002       1.3941175        1.3941175       61310.934            67602.325               -6291.3915
              5       30633.914       74.427215      0.30773393      -19.230862     0.073497361       2.0004844    0.0032631701      0.41344553       0.2559002       1.3941175        1.3941175       61265.039            67556.431               -6291.3915
              2       30633.885       74.427215      0.30773393      -19.230862     0.076249461       1.9977974    0.0031437845      0.41494259      0.25829492       1.3941175        1.3941175       61264.982            67556.431               -6291.4489
              8       30634.087       74.427215      0.30773393      -19.230862     0.076290191       1.9700023    0.0039042294      0.40332354      0.28691316       1.3941175        1.3941175       61265.385            67556.431               -6291.0454
              4       30633.561       74.427215      0.30773393      -19.230862     0.020339052       2.2423302    0.0014388485      0.18525441     0.035464454       1.3941175        1.3941175       61264.334            67556.431                -6292.097
             42       30633.516       74.427215      0.30773393      -19.230862     0.026598307       2.2299293   0.00036468736      0.16597445     0.051743266       1.3941175        1.3941175       61264.244            67556.431               -6292.1865
