#        weight    minuslogpost           H0_gp       omegam_gp            M_gp            d_gp           nu_gp        sigma_gp           zw_gp     sigma_zw_gp   minuslogprior minuslogprior__0            chi2 chi2__panp_gp_sigma2 chi2__panp_gp_sigma2_det
              1       30729.444       73.784445      0.34934193      -19.227934      0.60054166       1.5235366    0.0028223307      0.33761054      0.45606937       1.3941175        1.3941175         61456.1            67747.739               -6291.6384
              1       30729.402       73.784445      0.34934193      -19.227934      0.62411673       1.5449379    0.0025982583      0.35109843      0.42819511       1.3941175        1.3941175       61456.015            67747.739               -6291.7234
              1       30729.443       73.784445      0.34934193      -19.227934       0.6160272        1.544521    0.0028442087      0.29104695      0.38212454       1.3941175        1.3941175       61456.097            67747.739               -6291.6415
              2         30729.8       73.784445      0.34934193      -19.227934      0.74866667       1.5170982    0.0043969215      0.26529405        0.416486       1.3941175        1.3941175       61456.812            67747.739               -6290.9267
              1       30729.235       73.784445      0.34934193      -19.227934      0.79857432       1.1641529    0.0014282208      0.40744254      0.15766509       1.3941175        1.3941175       61455.682            67747.739               -6292.0568
              7       30618.869       74.243881      0.35364156      -19.218687      0.79857432       1.1641529    0.0014282208      0.40744254      0.15766509       1.3941175        1.3941175        61234.95            67527.007               -6292.0568
              5       30618.953       74.243881      0.35364156      -19.218687      0.97994197        1.471262    0.0021203258       0.6886385     0.013159648       1.3941175        1.3941175       61235.117            67527.007               -6291.8901
              1       30621.806       74.243881      0.35364156      -19.218687       0.8321015       1.7594734     0.010125505      0.69430264       0.5204314       1.3941175        1.3941175       61240.824            67527.007               -6286.1827
              1       30621.365       74.243881      0.35364156      -19.218687      0.90347757       1.8376253    0.0093192105      0.80282924      0.49045719       1.3941175        1.3941175       61239.943            67527.007               -6287.0646
              3       30620.821       74.243881      0.35364156      -19.218687      0.88030891       1.8408135    0.0081124565      0.80421068      0.51374234       1.3941175        1.3941175       61238.854            67527.007               -6288.1534
              3       30620.837       74.243881      0.35364156      -19.218687      0.98286635       1.9913082     0.008249376      0.79879636      0.42395379       1.3941175        1.3941175       61238.886            67527.007               -6288.1208
              1       30600.074       74.321393      0.35228414      -19.218554      0.98286635       1.9913082     0.008249376      0.79879636      0.42395379       1.3941175        1.3941175        61197.36            67485.481               -6288.1208
              5       30600.208       74.321393      0.35228414      -19.218554      0.95522665       1.9845483    0.0085347678      0.76683487      0.38013877       1.3941175        1.3941175       61197.628            67485.481                -6287.853
              2        30599.31       74.321393      0.35228414      -19.218554       0.8042338       1.6158223    0.0062505843      0.86514161      0.10576371       1.3941175        1.3941175       61195.831            67485.481               -6289.6492
