#        weight    minuslogpost           H0_gp       omegam_gp            M_gp            d_gp           nu_gp        sigma_gp           zw_gp     sigma_zw_gp   minuslogprior minuslogprior__0            chi2 chi2__panp_gp_sigma2 chi2__panp_gp_sigma2_det
              1       30714.982       74.608479      0.31560356       -19.21374       0.6237027       1.9591218    0.0084062524      0.41128504      0.34417735       1.3941175        1.3941175       61427.176            67714.953               -6287.7769
              1       30716.937       74.608479      0.31560356       -19.21374      0.67921376       1.9590553     0.012232192      0.40816852      0.31828784       1.3941175        1.3941175       61431.086            67714.953               -6283.8672
              3       30717.061       74.608479      0.31560356       -19.21374      0.64510741       1.8828651      0.01234863      0.44729276      0.27433159       1.3941175        1.3941175       61431.334            67714.953               -6283.6196
              3       30717.495       74.608479      0.31560356       -19.21374      0.59739702       1.9176678     0.012861078      0.52072286       0.2973495       1.3941175        1.3941175       61432.202            67714.953               -6282.7512
              1       30654.497       74.563966      0.30638304      -19.223028      0.59739702       1.9176678     0.012861078      0.52072286       0.2973495       1.3941175        1.3941175       61306.206            67588.957               -6282.7512
              3       30641.548       73.983004      0.31254598      -19.242198      0.59739702       1.9176678     0.012861078      0.52072286       0.2973495       1.3941175        1.3941175       61280.307            67563.058               -6282.7512
              2       30640.815       73.983004      0.31254598      -19.242198      0.59292779       1.9754507     0.011629691      0.54817759      0.27466645       1.3941175        1.3941175       61278.842            67563.058               -6284.2164
              3       30641.088       73.983004      0.31254598      -19.242198      0.52266966       2.0657006     0.011932199      0.44516048      0.46483908       1.3941175        1.3941175       61279.388            67563.058               -6283.6705
              1       30640.688       73.983004      0.31254598      -19.242198      0.54795629       2.0066878     0.011311406      0.41266737      0.55099445       1.3941175        1.3941175       61278.588            67563.058               -6284.4703
              4       30639.728       73.983004      0.31254598      -19.242198      0.51671641       2.0654384    0.0097521144       0.2174563      0.51236214       1.3941175        1.3941175       61276.668            67563.058               -6286.3904
              2       30638.095       73.983004      0.31254598      -19.242198      0.38227861       2.1408908    0.0060516033      0.28637464      0.61638966       1.3941175        1.3941175       61273.401            67563.058               -6289.6573
              1       30638.176       73.983004      0.31254598      -19.242198      0.37274045       2.1159022    0.0062345828      0.32015706      0.59121515       1.3941175        1.3941175       61273.563            67563.058               -6289.4954
              1       30637.523       73.983004      0.31254598      -19.242198      0.26780611       2.2951793     0.004359616      0.46481584      0.56645697       1.3941175        1.3941175       61272.259            67563.058               -6290.7997
              3       30638.594       73.983004      0.31254598      -19.242198      0.36024474        2.338037    0.0071363907       0.4955755      0.55284188       1.3941175        1.3941175       61274.401            67563.058               -6288.6578
              4       30635.795        74.06686      0.31340383      -19.240863      0.36024474        2.338037    0.0071363907       0.4955755      0.55284188       1.3941175        1.3941175       61268.801            67557.459               -6288.6578
