#        weight    minuslogpost           H0_gp       omegam_gp            M_gp            d_gp           nu_gp        sigma_gp           zw_gp     sigma_zw_gp   minuslogprior minuslogprior__0            chi2 chi2__panp_gp_sigma2 chi2__panp_gp_sigma2_det
              3       30940.246       72.321482       0.3627205      -19.290194      0.14098748       2.2076472     0.015398745      0.46085772      0.71018141       1.3941175        1.3941175       61877.705            68153.706               -6276.0008
              2        30939.02       72.321482       0.3627205      -19.290194      0.30164536       2.2213149     0.014881123      0.46476396      0.60917873       1.3941175        1.3941175       61875.252            68153.706               -6278.4531
              2        30938.01       72.321482       0.3627205      -19.290194      0.38012845       2.2934907     0.013846009      0.54648157      0.67688491       1.3941175        1.3941175       61873.232            68153.706               -6280.4734
              3       30937.977       72.321482       0.3627205      -19.290194      0.38223302       2.2917503     0.013807379      0.54492885      0.67883427       1.3941175        1.3941175       61873.165            68153.706               -6280.5404
              1       30935.989       72.321482       0.3627205      -19.290194      0.25141946       2.0987826     0.010553984      0.79773912      0.67936267       1.3941175        1.3941175       61869.189            68153.706               -6284.5163
              2       30934.889       72.321482       0.3627205      -19.290194      0.29475451       2.1063315    0.0088793299      0.79232154      0.58480946       1.3941175        1.3941175       61866.989            68153.706               -6286.7162
              1       30933.612       72.321482       0.3627205      -19.290194      0.35088481       2.3827157    0.0064330034      0.75199581      0.49897885       1.3941175        1.3941175       61864.437            68153.706               -6289.2689
              1       30830.295       72.860906      0.34578471      -19.277238      0.35088481       2.3827157    0.0064330034      0.75199581      0.49897885       1.3941175        1.3941175       61657.802            67947.071               -6289.2689
              1       30830.808       72.860906      0.34578471      -19.277238      0.54095872       2.4230947    0.0077283625      0.85010031      0.69753982       1.3941175        1.3941175       61658.828            67947.071               -6288.2437
              5        30830.91       72.860906      0.34578471      -19.277238      0.51185603       2.4323015    0.0079135862      0.88657926       0.6961034       1.3941175        1.3941175       61659.033            67947.071               -6288.0386
              1       30829.447       72.860906      0.34578471      -19.277238      0.57510362       2.3197195    0.0041845646      0.75977193      0.63342491       1.3941175        1.3941175       61656.105            67947.071               -6290.9664
