#        weight    minuslogpost           H0_gp       omegam_gp            M_gp            d_gp           nu_gp        sigma_gp           zw_gp     sigma_zw_gp   minuslogprior minuslogprior__0            chi2 chi2__panp_gp_sigma2 chi2__panp_gp_sigma2_det
              1       33667.321       73.831505      0.35347346      -19.284836      0.22330855       2.1783307   0.00075081788       0.5976905      0.74757824       1.3941175        1.3941175       67331.853            73624.003                 -6292.15
              1       33667.368       73.831505      0.35347346      -19.284836      0.33814182       2.2017294    0.0013800435      0.12711543      0.90403797       1.3941175        1.3941175       67331.948            73624.003               -6292.0547
              2       32661.027       74.884924      0.36599043      -19.242429      0.33814182       2.2017294    0.0013800435      0.12711543      0.90403797       1.3941175        1.3941175       65319.266            71611.321               -6292.0547
              2       30865.817       75.733153      0.31216316      -19.205873      0.33814182       2.2017294    0.0013800435      0.12711543      0.90403797       1.3941175        1.3941175       61728.846            68020.901               -6292.0547
              6       30865.806       75.733153      0.31216316      -19.205873      0.31947031       2.1919479     0.001263893      0.12015132      0.89394836       1.3941175        1.3941175       61728.824            68020.901               -6292.0768
              8       30865.794       75.733153      0.31216316      -19.205873      0.29103406       2.1000554    0.0011176471      0.20436783      0.96962301       1.3941175        1.3941175       61728.801            68020.901               -6292.1004
              2       30865.967       75.733153      0.31216316      -19.205873      0.29046794       2.0256386    0.0024458003      0.17886085      0.91805974       1.3941175        1.3941175       61729.146            68020.901               -6291.7547
              6       30867.678       75.733153      0.31216316      -19.205873     0.023212918       2.3307151    0.0071458593      0.31045861      0.35835536       1.3941175        1.3941175       61732.568            68020.901               -6288.3328
              2       30818.511       75.707257      0.31164645      -19.205261     0.023212918       2.3307151    0.0071458593      0.31045861      0.35835536       1.3941175        1.3941175       61634.233            67922.566               -6288.3328
              2       30603.226       75.348454      0.31854961      -19.198978     0.023212918       2.3307151    0.0071458593      0.31045861      0.35835536       1.3941175        1.3941175       61203.663            67491.996               -6288.3328
              2       30603.703        75.63265      0.31816313       -19.19363     0.023212918       2.3307151    0.0071458593      0.31045861      0.35835536       1.3941175        1.3941175       61204.618             67492.95               -6288.3328
              1       30603.431        75.63265      0.31816313       -19.19363     0.061540393       2.0644298    0.0067361834      0.39388233      0.18511439       1.3941175        1.3941175       61204.073             67492.95               -6288.8775
              1       30602.085        75.63265      0.31816313       -19.19363      0.16330758       1.9285251    0.0028648133      0.59002506      0.66452957       1.3941175        1.3941175       61201.382             67492.95               -6291.5682
              3       30601.836        75.63265      0.31816313       -19.19363      0.18278535       1.9354132    0.0012921118      0.57534003      0.64957148       1.3941175        1.3941175       61200.885             67492.95               -6292.0656
