#        weight    minuslogpost           H0_gp       omegam_gp            M_gp            d_gp           nu_gp        sigma_gp           zw_gp     sigma_zw_gp   minuslogprior minuslogprior__0            chi2 chi2__panp_gp_sigma2 chi2__panp_gp_sigma2_det
              1       30693.634       73.917196      0.33396668      -19.229465      0.71418729       1.8988107     0.003223793      0.63937236       0.5381579       1.3941175        1.3941175       61384.479            67675.947               -6291.4682
              1       30693.744       73.917196      0.33396668      -19.229465      0.49801878       1.8956862      0.00375415      0.20387943      0.42680696       1.3941175        1.3941175         61384.7            67675.947               -6291.2476
              1       30603.281       74.011595      0.34190808      -19.236264      0.49801878       1.8956862      0.00375415      0.20387943      0.42680696       1.3941175        1.3941175       61203.773            67495.021               -6291.2476
             16       30603.717       74.011595      0.34190808      -19.236264      0.76850709       2.0931543    0.0059069775      0.14994819      0.20978339       1.3941175        1.3941175       61204.646            67495.021               -6290.3751
              3       30603.077       74.011595      0.34190808      -19.236264      0.88592915       1.9860725    0.0029007041      0.25540264       0.3124067       1.3941175        1.3941175       61203.366            67495.021               -6291.6542
              1       30603.088       74.011595      0.34190808      -19.236264      0.89044706       1.9849294    0.0029620245      0.25489425      0.30945654       1.3941175        1.3941175       61203.388            67495.021               -6291.6327
              2       30603.324       74.011595      0.34190808      -19.236264      0.81135593       1.9228626    0.0039664791       0.2979814       0.3903824       1.3941175        1.3941175       61203.859            67495.021               -6291.1619
              1       30603.682       74.011595      0.34190808      -19.236264      0.87085395       1.9807945    0.0051987252      0.38346775      0.43144432       1.3941175        1.3941175       61204.577            67495.021                -6290.444
              8       30603.394       74.011595      0.34190808      -19.236264      0.89286444       1.9612611    0.0042097811      0.40783714      0.43281119       1.3941175        1.3941175           61204            67495.021               -6291.0208
              7       30603.826       74.011595      0.34190808      -19.236264      0.81160149       1.9577995    0.0055959058      0.34943602      0.57335903       1.3941175        1.3941175       61204.863            67495.021               -6290.1575
