#        weight    minuslogpost           H0_gp       omegam_gp            M_gp            d_gp           nu_gp        sigma_gp           zw_gp     sigma_zw_gp   minuslogprior minuslogprior__0            chi2 chi2__panp_gp_sigma2 chi2__panp_gp_sigma2_det
              3       30865.745       72.808884      0.31867678      -19.263553       0.3457828       2.0800042     0.018046865      0.53888712      0.62575763       1.3941175        1.3941175       61728.701            68002.255               -6273.5538
              1       30861.334       72.808884      0.31867678      -19.263553      0.49278932        2.111808     0.012779442      0.70965961      0.78392885       1.3941175        1.3941175        61719.88            68002.255               -6282.3752
              1       30684.577       74.555172      0.32686807      -19.212925      0.49278932        2.111808     0.012779442      0.70965961      0.78392885       1.3941175        1.3941175       61366.366            67648.741               -6282.3752
              4       30682.455       74.555172      0.32686807      -19.212925      0.34117993       1.9344127    0.0090296696      0.83156432      0.59527375       1.3941175        1.3941175       61362.123            67648.741               -6286.6188
              1        30681.79       74.555172      0.32686807      -19.212925      0.40524972         2.15053    0.0078867642      0.83071037      0.49068364       1.3941175        1.3941175       61360.792            67648.741                -6287.949
              2       30624.226        75.15082      0.30774349       -19.21042      0.40524972         2.15053    0.0078867642      0.83071037      0.49068364       1.3941175        1.3941175       61245.664            67533.613                -6287.949
              1       30618.259       75.368215      0.30985409      -19.202315      0.40524972         2.15053    0.0078867642      0.83071037      0.49068364       1.3941175        1.3941175        61233.73            67521.679                -6287.949
              1       30618.313       75.368215      0.30985409      -19.202315      0.36326382       2.1541978    0.0079444357      0.81193661      0.47782891       1.3941175        1.3941175       61233.837            67521.679                -6287.842
              2       30616.493       75.368215      0.30985409      -19.202315      0.50185831       2.1430542    0.0031579581       0.4816337      0.61274072       1.3941175        1.3941175       61230.198            67521.679               -6291.4811
              1       30606.184       75.469798      0.31462388      -19.198065      0.50185831       2.1430542    0.0031579581       0.4816337      0.61274072       1.3941175        1.3941175       61209.581            67501.062               -6291.4811
              4        30595.09       75.154251      0.31863962      -19.206939      0.50185831       2.1430542    0.0031579581       0.4816337      0.61274072       1.3941175        1.3941175       61187.392            67478.873               -6291.4811
              1       30595.154       75.154251      0.31863962      -19.206939      0.51052503       2.1452198    0.0034388119      0.46220067      0.59253681       1.3941175        1.3941175        61187.52            67478.873               -6291.3537
             16       30594.761       75.154251      0.31863962      -19.206939      0.93814229       2.2036357   0.00086539961      0.82339894      0.28242271       1.3941175        1.3941175       61186.733            67478.873               -6292.1404
              4       30594.947       75.154251      0.31863962      -19.206939      0.95877919       2.3255427    0.0024870449      0.89345909      0.27030789       1.3941175        1.3941175       61187.105            67478.873               -6291.7686
