#        weight    minuslogpost           H0_gp       omegam_gp            M_gp            d_gp           nu_gp        sigma_gp           zw_gp     sigma_zw_gp   minuslogprior minuslogprior__0            chi2 chi2__panp_gp_sigma2 chi2__panp_gp_sigma2_det
              2         30773.2       72.482852      0.33825571      -19.271863      0.37818103       1.6624887     0.010028023      0.62023581      0.67184718       1.3941175        1.3941175       61543.611            67829.116               -6285.5051
              2       30773.748       72.482852      0.33825571      -19.271863      0.38268737       1.6670812     0.010919061      0.62117254      0.60729282       1.3941175        1.3941175       61544.707            67829.116               -6284.4089
              2       30773.046       72.482852      0.33825571      -19.271863      0.40107067       1.6767508    0.0098162269      0.63615017      0.58393638       1.3941175        1.3941175       61543.304            67829.116               -6285.8122
              1       30771.992       72.482852      0.33825571      -19.271863      0.34406278        1.652637    0.0078315483      0.66931387      0.54278299       1.3941175        1.3941175       61541.195            67829.116                -6287.921
              2       30771.979       72.482852      0.33825571      -19.271863      0.34096171       1.6567679    0.0078038449      0.66885865      0.54479775       1.3941175        1.3941175        61541.17            67829.116               -6287.9459
              2       30762.896       72.504556      0.33941446      -19.271248      0.34096171       1.6567679    0.0078038449      0.66885865      0.54479775       1.3941175        1.3941175       61523.003            67810.949               -6287.9459
              9       30761.636       72.504556      0.33941446      -19.271248      0.37214433        1.534337    0.0048894764      0.74901394      0.93565972       1.3941175        1.3941175       61520.483            67810.949                -6290.466
              3        30761.69       72.504556      0.33941446      -19.271248      0.38155232       1.5486702    0.0050496546      0.74862253      0.93728393       1.3941175        1.3941175       61520.591            67810.949                -6290.358
              5       30761.239       72.504556      0.33941446      -19.271248      0.44923471       1.5433498    0.0035940473      0.73070948      0.97294984       1.3941175        1.3941175        61519.69            67810.949               -6291.2591
              9       30760.996       72.504556      0.33941446      -19.271248      0.37325893       1.4874304    0.0024642352      0.66618197       0.9749841       1.3941175        1.3941175       61519.205            67810.949               -6291.7447
