#        weight    minuslogpost           H0_gp       omegam_gp            M_gp            d_gp           nu_gp        sigma_gp           zw_gp     sigma_zw_gp   minuslogprior minuslogprior__0            chi2 chi2__panp_gp_sigma2 chi2__panp_gp_sigma2_det
              1       32463.954       72.000278      0.36875071      -19.248797      0.99638201       2.0098172    0.0077528244      0.83773686      0.40091212       1.3941175        1.3941175        64925.12            71213.672               -6288.5518
              2       32463.878       72.000278      0.36875071      -19.248797      0.82048754       2.1587326    0.0074475415      0.96286406      0.34184461       1.3941175        1.3941175       64924.968            71213.672                -6288.704
              3       32463.975       72.000278      0.36875071      -19.248797      0.81080416       2.1521359    0.0076684519      0.95702911      0.32535692       1.3941175        1.3941175       64925.163            71213.672               -6288.5093
              6       32298.037       72.028078      0.36766317      -19.250033      0.81080416       2.1521359    0.0076684519      0.95702911      0.32535692       1.3941175        1.3941175       64593.287            70881.796               -6288.5093
              3       32299.096       72.028078      0.36766317      -19.250033      0.85766705        2.130982      0.00998255      0.98311146       0.3358732       1.3941175        1.3941175       64595.404            70881.796               -6286.3915
              2       32298.694       72.028078      0.36766317      -19.250033      0.80623003       2.2042163    0.0091074756      0.83799808      0.39042055       1.3941175        1.3941175         64594.6            70881.796               -6287.1962
              3       32296.604       72.028078      0.36766317      -19.250033      0.89470626       2.4226908    0.0034695958      0.94058484      0.19247457       1.3941175        1.3941175        64590.42            70881.796               -6291.3757
              1       32296.284       72.028078      0.36766317      -19.250033      0.84269395        2.378138    0.0015858319      0.93916082      0.18445145       1.3941175        1.3941175       64589.779            70881.796               -6292.0168
              1       32296.226       72.028078      0.36766317      -19.250033          0.8951       2.3683519   0.00092838577       0.9347399      0.21828023       1.3941175        1.3941175       64589.663            70881.796               -6292.1324
              6        31300.27       70.606468      0.36382021      -19.312722          0.8951       2.3683519   0.00092838577       0.9347399      0.21828023       1.3941175        1.3941175       62597.752            68889.884               -6292.1324
              4       31300.263       70.606468      0.36382021      -19.312722      0.91937271       2.3729621   0.00080525214      0.89627672      0.22195456       1.3941175        1.3941175       62597.737            68889.884               -6292.1474
              3        31300.27       70.606468      0.36382021      -19.312722      0.91212003       2.3652262   0.00091960804      0.90048979      0.23103418       1.3941175        1.3941175       62597.751            68889.884               -6292.1336
              2       31272.587       72.304861      0.36815741      -19.255885      0.91212003       2.3652262   0.00091960804      0.90048979      0.23103418       1.3941175        1.3941175       62542.385            68834.519               -6292.1336
