#        weight    minuslogpost           H0_gp       omegam_gp            M_gp            d_gp           nu_gp        sigma_gp           zw_gp     sigma_zw_gp   minuslogprior minuslogprior__0            chi2 chi2__panp_gp_sigma2 chi2__panp_gp_sigma2_det
              3       33713.212       75.041343      0.30815775      -19.262011      0.15347263       1.8615109    0.0095059739      0.48245485     0.036928275       1.3941175        1.3941175       67423.635            73709.801               -6286.1657
              6       33712.704       75.041343      0.30815775      -19.262011      0.15421225       1.8395624    0.0084910932      0.48810943     0.094844228       1.3941175        1.3941175       67422.621            73709.801                 -6287.18
              1       33711.545       75.041343      0.30815775      -19.262011      0.21794321       1.9070999    0.0061666875      0.45727734      0.18668255       1.3941175        1.3941175       67420.302            73709.801               -6289.4983
              2       33711.398       75.041343      0.30815775      -19.262011      0.21125385       1.8868768    0.0057918811      0.46147882      0.19982626       1.3941175        1.3941175       67420.007            73709.801               -6289.7935
              1       32803.529       75.154114      0.30357728      -19.251968      0.21125385       1.8868768    0.0057918811      0.46147882      0.19982626       1.3941175        1.3941175       65604.269            71894.063               -6289.7935
              1       31196.092       74.212394      0.29228574       -19.26024      0.21125385       1.8868768    0.0057918811      0.46147882      0.19982626       1.3941175        1.3941175       62389.396             68679.19               -6289.7935
              2       31195.688       74.212394      0.29228574       -19.26024      0.26774131       1.8949921    0.0046793683      0.54577259      0.24706378       1.3941175        1.3941175       62388.588             68679.19               -6290.6017
              4       31197.213       74.212394      0.29228574       -19.26024      0.10402238       2.0940293    0.0078626725      0.57037135      0.44821742       1.3941175        1.3941175       62391.637             68679.19               -6287.5526
              3       30957.008       74.110188      0.29848865      -19.256553      0.10402238       2.0940293    0.0078626725      0.57037135      0.44821742       1.3941175        1.3941175       61911.228            68198.781               -6287.5526
              2       30956.873       74.110188      0.29848865      -19.256553     0.084848082       2.1462739    0.0075959527      0.56431471      0.42193079       1.3941175        1.3941175       61910.957            68198.781               -6287.8231
              1       30956.426       74.110188      0.29848865      -19.256553      0.13525746        2.109986    0.0068400998       0.5669367      0.28749325       1.3941175        1.3941175       61910.065            68198.781               -6288.7158
              5       30847.956       73.248376      0.30996185      -19.274805      0.13525746        2.109986    0.0068400998       0.5669367      0.28749325       1.3941175        1.3941175       61693.124             67981.84               -6288.7158
              2       30847.773       73.248376      0.30996185      -19.274805      0.18775267        2.068508    0.0065680553       0.4731417      0.24096481       1.3941175        1.3941175       61692.758             67981.84               -6289.0815
