#        weight    minuslogpost           H0_gp       omegam_gp            M_gp            d_gp           nu_gp        sigma_gp           zw_gp     sigma_zw_gp   minuslogprior minuslogprior__0            chi2 chi2__panp_gp_sigma2 chi2__panp_gp_sigma2_det
              7       33372.068       72.378698      0.30665835      -19.245062      0.84678326       1.8247278    0.0061893245      0.91652601      0.93403547       1.3941175        1.3941175       66741.348            73031.049               -6289.7012
              1       33372.072       72.378698      0.30665835      -19.245062      0.84658559       1.8244525    0.0061991282      0.91694695       0.9337198       1.3941175        1.3941175       66741.356            73031.049               -6289.6938
              3       33372.026       72.378698      0.30665835      -19.245062      0.78965669       1.8115394    0.0060477682      0.90583121      0.95802701       1.3941175        1.3941175       66741.265            73031.049               -6289.7848
              1       31070.702       72.899634      0.31360622      -19.256265      0.78965669       1.8115394    0.0060477682      0.90583121      0.95802701       1.3941175        1.3941175       62138.616            68428.401               -6289.7848
             10       30731.264        73.34744      0.30361984      -19.258468      0.78965669       1.8115394    0.0060477682      0.90583121      0.95802701       1.3941175        1.3941175        61459.74            67749.525               -6289.7848
              3       30732.085        73.34744      0.30361984      -19.258468      0.83568458       1.8400339    0.0080736573      0.91932903      0.95846714       1.3941175        1.3941175       61461.381            67749.525               -6288.1438
              3       30730.385        73.34744      0.30361984      -19.258468      0.93248572       1.9007215    0.0030787688      0.72493865      0.71451527       1.3941175        1.3941175       61457.981            67749.525                -6291.544
              1       30730.616        73.34744      0.30361984      -19.258468      0.87102785       1.8836202    0.0040502304      0.71788239      0.65840289       1.3941175        1.3941175       61458.443            67749.525                -6291.082
             12       30730.847        73.34744      0.30361984      -19.258468      0.98843146       1.9364881    0.0048956124      0.90327193      0.51027651       1.3941175        1.3941175       61458.905            67749.525               -6290.6201
              2        30731.23        73.34744      0.30361984      -19.258468      0.94704602       2.0740062    0.0060427813      0.84783635      0.56406661       1.3941175        1.3941175       61459.671            67749.525               -6289.8542
              8       30683.209       73.721835      0.30371141      -19.252541      0.94704602       2.0740062    0.0060427813      0.84783635      0.56406661       1.3941175        1.3941175       61363.629            67653.484               -6289.8542
